3 0 11 1 12 2 15 7 2 14 7 0 11 1 15 3 3 12 12 14 14 0 0 1 1 7 3 15 12
6 10 5 4 9 13 6 9 6 6 15 9 9 11 11

0 1 3 5 4 8 9 10 13 12 12 11 12 14 12 3 3 15 3 4 4 13 13 15 15 11 15 11 11 5
10 5 5 9 1 2 6

0 3 1 14 2 15 5 1 7 2 10 3 12 7 0 10 2 12 3 14 10 15 12 0 14 1 0 3 1
4 9 13 13 13

0 3 2 7 4 8 6 11 15 12 0 13 3 2 11 4 12 15 13 0 2 3 13 4 0 11 3 12 12
10 9 6 10 6

0 3 2 4 7 10 11 12 14 13 0 15 3 2 4 11 12 14 4 15 11 0 0 3 3 12 12 15 15
6 9 10 6 9 10 6 9 4 6 9 13 13 14 14 5 5

1 0 2 4 5 6 8 7 9 10 14 11 9 13 10 1 11 2 13 4 1 7 11 8 11 4 4 7 7 10 10 14
9 9 13 13 0 12 8 6 5 5 6 5 1

3 0 6 1 7 2 8 4 10 5 11 9 12 14 13 15 6 2 7 4 8 10 11 14 13 2 4 8 2 11 11
14 14 6 10 9 10 6

3 0 6 1 7 2 8 4 10 5 11 9 13 14 0 15 6 2 7 4 8 10 11 14 13 2 4 8 2 11 11
14 14 6 10 9

2 0 3 1 5 4 6 7 8 11 9 12 10 13 15 14 3 0 8 1 9 2 13 6 14 15 15 0 0 2 2 8
10 11 10 10 11 11 7 15 1 3 3

0 1 2 4 7 5 9 6 11 8 13 10 1 14 2 7 4 10 8 14 11 1 13 2 7 4 4 8 7 14 14
10

1 2 4 5 6 7 8 9 11 10 13 12 15 14 2 1 5 4 10 6 11 7 13 8 14 8 1 10 8 11 11 13
5 14 14 6 2 7 7 1 12 15 15 15 3 0 4

1 2 4 5 6 7 8 9 11 10 13 14 15 1 2 4 5 6 10 7 11 8 13 15 14 8 1 10 8 11 11 13
5 14 14 6 2 7 7 1 15 15 3 4 12 0 0 12 0

3 1 5 2 6 4 7 8 10 9 13 11 1 14 7 15 8 2 13 4 14 5 8 9 14 11 8 2 2 4 4 1
6

5 1 9 2 10 4 11 6 13 7 2 8 4 14 5 15 7 1 8 6 13 9 7 14 14 10 14 1 1 13 13 8
5 5 6 4 10

1 0 4 2 5 7 6 11 8 12 9 13 10 1 14 2 15 5 7 6 10 8 13 11 7 12 8 14 8 12 12 13
10

1 3 2 4 5 6 9 7 11 8 14 10 6 13 7 1 8 2 2 4 8 10 2 11 11 13 8 13 13 14
10 0 12 4 4 3 0 3 3

1 4 3 5 7 6 9 8 10 11 14 13 1 3 7 4 9 5 11 6 13 8 1 10 3 14 8 11 14 1
9 9 5

1 3 2 4 5 6 7 8 9 10 11 13 12 14 2 1 4 8 7 10 9 11 1 13 4 14 1 8 8 14 14
10 10 9 11 7 6 5 5 4 2 2 6 13

1 0 7 2 8 4 9 5 10 6 13 11 14 1 2 4 5 6 10 7 11 8 13 9 4 14 4 8 8 13 13 9
10 10 6 5 1

2 1 3 4 7 5 8 6 10 9 11 15 13 2 14 5 4 6 7 8 10 11 2 13 4 14 8 7 13 2 8 4
10 10 6

1 0 4 2 6 3 8 5 9 7 11 10 12 14 13 1 15 2 0 3 6 4 8 13 11 4 15 11 1 1 0
2 2 10 6 6 8 8

2 0 6 1 7 3 9 4 10 5 12 8 13 11 1 14 4 2 7 5 8 9 8 13 13 14 14 1 13 4 4 1
12 0 5 6 10 9 10 10 11 0 0 15 2 6 8 7 7

