0 1 2 8 3 13 4 15 7 0 12 3 1 4 8 7 3 12 7 15 12 0 0 4 3 8 12 15 15
11 11 9

0 1 2 8 3 13 4 15 7 0 12 3 2 4 8 7 3 12 7 15 12 0 0 4 3 8 12 15 15
11 11 9

1 0 2 4 3 12 8 14 15 0 3 1 14 2 2 12 14 15 15 0 0 1 15 3 3 12 12
4 8 4 8 4

1 0 2 4 3 5 6 12 8 14 15 0 3 1 14 2 2 12 14 15 15 0 0 1 15 3 3 12 12
4 8 4 8 4

1 0 2 4 3 6 5 12 8 14 15 0 3 1 14 2 2 12 14 15 15 0 0 1 15 3 3 12 12
4 8 4 8 4

1 0 2 4 3 6 8 12 9 14 15 0 3 1 14 2 2 12 14 15 15 0 0 1 15 3 3 12 12
4 8 4 8 4

1 0 2 4 3 6 8 12 13 14 15 0 3 1 14 2 2 12 14 15 15 0 0 1 15 3 3 12 12
4 8 4 8 4

3 0 6 1 7 2 13 9 0 12 3 14 13 15 14 2 15 7 0 9 0 12 12 2 2 7 12 15 15 13
9 6 3 6 3

3 0 7 1 10 2 12 5 13 9 2 15 3 0 9 7 12 15 2 0 7 3 0 9 3 12 12 15 15
5 10 5 10 5

3 0 5 1 7 4 8 10 12 14 1 15 14 0 15 3 1 5 5 10 10 12 15 0 0 3 15 12 12
4 8 4 8 4

3 0 5 1 8 4 11 10 12 14 1 15 14 0 15 3 1 5 5 10 10 12 15 0 0 3 15 12 12
4 8 4 8 4

3 0 5 1 8 4 12 10 13 14 1 15 14 0 15 3 1 5 5 10 10 12 15 0 0 3 15 12 12
4 8 4 8 4

3 0 5 1 8 4 12 10 1 14 14 15 15 0 1 3 14 5 5 10 10 12 15 0 0 3 15 12 12
4 8 4 8 4

3 0 5 1 8 4 12 10 1 14 14 15 15 0 1 3 15 5 5 10 10 12 1 0 0 3 15 12 12
4 8 4 8 4

3 0 5 1 8 4 12 10 1 14 14 15 15 0 1 3 15 5 5 10 10 12 15 0 0 3 3 12 12
4 8 4 8 4

2 0 3 1 4 5 9 6 12 13 14 3 15 5 0 9 12 14 3 15 5 0 0 12 3 14 12
13 1 13

3 0 4 1 9 2 12 5 15 6 1 13 2 0 6 3 13 4 3 5 13 12 3 4 13 5 5 12 12
8 8 0

3 0 4 1 9 2 12 5 15 6 1 13 6 0 13 3 1 4 3 5 13 12 3 4 13 5 5 12 12
8 8 0

0 2 1 11 3 13 10 15 12 0 14 1 2 10 3 12 11 15 0 1 3 11 10 12 0 15 12 3 15
13 14 13 14 13

2 0 3 5 4 8 6 11 15 12 5 14 8 0 15 2 0 3 3 4 5 12 0 2 2 8 3 12 12
1 1 9

2 0 3 1 5 4 12 6 15 10 1 0 4 3 6 15 12 0 6 1 0 3 1 4 3 12 12 15 15
10 5 10 5 10

2 0 3 1 7 4 12 6 15 11 1 0 4 3 6 15 12 0 6 1 0 3 1 4 3 12 12 15 15
11 7 11 7 11

0 2 1 4 3 15 7 0 12 3 14 7 4 12 12 14 14 15 12 0 0 3 3 4 14 15 15 7
9 6 5 13 13

0 2 3 4 5 15 7 0 12 3 14 7 4 12 12 14 14 15 12 0 0 3 3 4 14 15 15 7
9 6 1 13 13

0 3 1 6 4 12 7 13 9 1 15 3 0 6 4 7 9 15 12 0 1 3 6 4 3 7 4 12 12
11 11 11 15 15

0 3 1 6 4 12 7 1 9 3 15 6 0 7 4 15 9 0 12 3 1 4 6 7 3 9 4 12 12
11 11 11 15 15

1 0 4 3 6 15 8 0 12 1 14 3 8 6 12 0 14 1 15 3 6 8 0 12 3 14 12 15 15 6
9

1 0 12 2 15 3 0 6 3 11 11 1 12 2 15 6 1 0 2 3 0 6 3 11 6 12 12 15 15
14 10 10 14 2

0 1 2 3 4 6 12 8 13 14 15 0 8 3 12 6 6 13 13 15 15 14 15 0 0 3 3 12 12
1 2 1 2 1

0 1 4 3 7 6 12 8 13 14 15 0 8 3 12 6 6 13 13 15 15 14 15 0 0 3 3 12 12
10

0 1 4 3 11 6 12 8 13 14 15 0 8 3 12 6 6 13 13 15 15 14 15 0 0 3 3 12 12
10

0 1 4 3 12 6 13 8 15 14 8 0 12 6 6 13 13 14 14 15 15 3 15 0 0 3 3 12 12
10

0 1 4 3 12 6 13 8 15 14 8 0 12 6 6 3 6 13 13 15 15 14 15 0 0 3 3 12 12
10

0 1 4 3 12 6 13 8 15 14 8 0 12 6 6 13 13 3 13 15 15 14 15 0 0 3 3 12 12
10

0 3 1 6 4 7 12 8 13 14 15 0 8 3 12 6 6 13 13 15 15 14 15 0 0 3 3 12 12
10 2 2

0 3 1 6 4 8 12 14 13 0 15 3 8 6 12 13 6 14 13 15 15 0 0 3 3 8 15 12 12
10 2 2

3 0 10 1 12 5 1 11 3 14 5 15 10 0 0 11 5 12 12 14 12 15 15 1 1 3 3 10 15 0
9

0 1 2 4 3 6 0 10 4 12 10 15 12 1 4 2 2 6 6 15 15 0 0 1 1 10 15 12 12
5 7 13 9 14

1 0 6 2 9 3 11 4 12 5 15 14 9 0 14 3 15 11 11 12 12 0 0 3 3 9 12 15 15
2 1 2 1 2

3 0 4 1 12 7 0 8 1 13 3 15 7 4 12 13 13 15 15 8 15 0 0 3 3 7 7 12 12 1
9

0 1 2 5 3 14 10 15 12 0 2 1 12 3 14 15 3 0 14 1 0 2 1 12 12 15 14 3 15
5

0 1 2 10 3 14 5 15 12 0 2 1 12 3 14 15 3 0 14 1 0 2 1 12 12 15 14 3 15
10 5 10 5 10

0 3 1 4 12 7 15 10 4 14 12 0 14 1 14 10 10 3 10 15 15 0 0 1 15 3 3 12
13

0 3 1 4 12 10 15 11 4 14 12 0 14 1 14 10 10 3 10 15 15 0 0 1 15 3 3 12
13

0 3 1 4 12 10 15 14 4 0 12 1 14 3 14 10 10 15 15 0 0 1 10 3 3 4 15 12
13

0 3 1 4 12 10 15 14 4 0 12 1 14 3 14 10 10 15 15 0 0 1 10 3 3 12 15 1
13

0 1 2 3 8 4 9 7 12 1 15 2 0 3 1 4 3 7 3 8 8 12 12 4 4 7 7
5

0 3 1 4 11 7 12 8 13 14 12 15 15 0 15 1 1 3 3 4 4 8 3 0 0 8 8 12 15
2 2 6 5 10

0 2 1 5 3 8 10 9 15 12 5 13 8 0 9 3 12 13 12 15 13 0 15 3 3 9 12 0 15
2 1 2 1 2

2 0 4 1 11 3 13 12 14 1 15 3 0 11 4 13 12 0 15 4 3 11 15 12 0 13 3 11 12 15
10 6 9 8 8

2 0 7 3 8 13 12 15 14 8 0 14 2 0 3 2 7 7 12 12 15 14 3 15 0 3 2 7 15 12
10

1 0 5 3 8 14 12 1 15 5 0 8 3 12 0 14 5 15 8 1 0 3 3 12 12 14 14 15 15 1
10 10 9 11 13

0 1 7 3 12 8 15 10 1 13 3 14 7 0 1 8 3 10 3 15 15 12 15 8 8 10 10 12 12 0
7 7 11

3 0 4 1 6 8 9 12 14 13 6 15 15 0 15 3 3 12 3 13 15 14 14 0 0 6 14 12 12
8 4 8 4 8

0 3 7 4 10 5 12 14 13 0 15 3 4 7 12 13 4 14 7 15 13 0 14 3 3 12 12 15 15
5 10 5 10 5

0 1 2 4 3 8 9 10 15 11 1 12 2 0 10 3 11 12 15 2 0 3 1 12 10 15 11 0 12 3
8

3 0 5 1 12 2 13 4 15 14 3 0 12 1 0 2 0 15 15 14 15 1 1 3 3 12 12 14 14
6 10 10

3 0 4 1 12 2 13 5 15 14 3 0 12 1 0 2 0 15 15 14 15 1 1 3 3 12 12 14 14
6 10 10

3 0 8 1 12 2 13 5 15 14 3 0 12 1 0 2 0 15 15 14 15 1 1 3 3 12 12 14 14
6

3 0 12 1 13 2 15 5 3 14 12 0 13 1 0 2 0 15 15 14 15 1 1 3 3 12 12 14 14
6

3 0 5 1 12 2 13 7 15 14 3 0 12 1 0 2 0 15 15 14 15 1 1 3 3 12 12 14 14
6 10 10

3 0 5 1 12 2 13 8 15 14 3 0 12 1 0 2 0 15 15 14 15 1 1 3 3 12 12 14 14
6 10 10

3 0 5 1 12 2 13 14 15 0 3 1 12 2 0 13 0 15 15 14 15 1 1 3 3 12 12 14 14
6 10 10

0 1 9 3 11 5 12 8 14 13 15 0 3 5 8 11 14 12 0 13 3 15 15 5 3 8 5 11 15 0
14 14 13

0 3 1 5 2 15 9 1 12 2 13 3 0 13 5 0 12 5 15 13 1 15 2 0 3 13 12 12 3 15
8

0 1 2 11 3 14 5 15 12 1 13 5 0 11 3 12 14 13 0 15 11 1 12 3 1 5 3 13 11 0
4 8 6 7 9

2 0 3 1 5 9 12 14 15 1 0 2 14 3 15 5 1 9 2 12 9 0 12 3 15 5 3 0 12 15
7 11 4 6 6

3 0 4 1 7 9 11 14 12 15 0 7 3 11 12 14 15 0 15 3 0 7 3 12 12 14 14 11
5

0 2 3 12 10 14 11 15 13 3 0 10 13 11 14 12 0 15 3 11 10 15 12 0 13 3 14 12 15 13
9

0 1 3 6 4 7 8 12 15 13 12 0 12 1 1 3 3 6 3 7 7 15 12 0 0 15 15 13
10 5 9 11 11

0 1 3 2 7 13 12 14 2 15 12 0 13 1 14 3 0 7 1 15 3 2 13 12 14 0 15 12 3 15
4 8 6 5 9

3 0 7 1 12 2 15 5 1 11 12 14 14 0 15 3 0 7 7 11 0 3 3 11 11 12 12
10 6 9 8 13

3 0 7 1 12 5 15 6 1 11 12 14 14 0 15 3 0 7 7 11 0 3 3 11 11 12 12
10 2 9 8 13

0 1 9 2 12 3 15 4 0 11 1 14 4 3 14 9 15 12 9 0 0 1 1 3 3 12 12 15 15 14
10

0 2 1 9 3 14 5 15 7 0 11 5 12 7 13 11 3 12 9 14 13 3 5 7 14 11 3 12 12
6

0 3 1 9 7 10 12 14 0 15 1 3 10 9 14 12 15 3 0 10 1 12 3 14 10 15 12 0 15 1
5 5 4 6 8

0 3 2 5 7 6 12 8 0 15 7 2 8 3 15 6 0 12 2 7 3 8 6 12 7 15 12 0 15 3
5 4 10 10 10

0 1 7 3 10 5 11 8 12 0 15 5 1 7 11 10 12 1 15 5 0 10 7 11 5 12 12 15 15 0
13

0 1 10 2 15 3 1 5 3 11 5 12 11 14 12 0 15 10 0 14 1 5 10 12 11 1 15 12 11 15
7 7 7

0 1 5 2 6 3 13 8 0 12 2 14 6 15 12 3 15 13 13 0 0 3 3 6 6 12 12 15 15 2
7

0 1 2 9 3 10 14 12 15 0 3 9 12 10 15 14 14 0 0 3 3 9 9 10 10 15 15 12
11

0 1 3 9 4 10 14 12 15 0 3 9 12 10 15 14 14 0 0 3 3 9 9 10 10 15 15 12
11

0 1 3 9 5 10 14 12 15 0 3 9 12 10 15 14 14 0 0 3 3 9 9 10 10 15 15 12
11

0 1 3 9 6 10 14 12 15 0 3 9 12 10 15 14 14 0 0 3 3 9 9 10 10 15 15 12
11

0 1 3 9 13 10 14 12 15 0 3 9 12 10 15 14 14 0 0 3 3 9 9 10 10 15 15 12
11

3 0 4 6 9 10 12 11 14 13 15 0 6 3 9 4 0 12 3 15 4 6 0 9 3 12 12 15 15
13 14 13 14 13

0 1 3 6 4 9 7 11 8 12 15 0 4 3 7 8 9 0 11 3 12 4 12 7 0 8 3 9 7 11
5

0 2 3 6 4 9 7 11 8 12 15 0 4 3 7 8 9 0 11 3 12 4 12 7 0 8 3 9 7 11
10

0 2 1 3 6 9 7 12 8 14 15 0 8 3 9 6 12 0 15 3 9 6 0 8 3 12 12 15 15
2 1 2 1 2

0 2 1 3 6 9 8 12 11 14 15 0 8 3 9 6 12 0 15 3 9 6 0 8 3 12 12 15 15
2 1 2 1 2

2 0 3 4 12 6 15 10 3 11 10 13 12 14 14 0 0 4 4 13 13 15 15 3 0 10 3 14 15
5 7 9 1 8

2 0 3 4 12 7 15 10 3 11 10 13 12 14 14 0 0 4 4 13 13 15 15 3 0 10 3 14 15
5 6 9 1 8

0 1 2 8 3 11 5 12 13 14 0 15 3 2 8 5 11 13 12 0 15 2 0 3 3 12 12 15 15 11
4

0 1 2 8 3 11 5 12 13 14 0 15 3 2 8 13 11 14 12 0 15 2 0 3 3 12 12 15 15 11
4

3 0 7 1 9 11 13 12 14 0 15 1 7 3 11 12 13 15 0 1 7 3 12 11 13 3 0 7 1 13
14 12 14 15 14

3 0 4 6 5 15 7 0 12 3 13 4 5 6 15 7 7 12 15 13 13 0 0 3 3 4 15 12 12 5
6 7 1 9 9

0 1 4 3 7 11 8 12 15 14 0 7 1 8 3 12 11 14 11 15 12 0 14 3 15 7 3
9 6 5 13 13

0 1 7 3 8 11 15 12 0 14 1 7 3 8 11 12 1 14 11 15 12 0 14 3 15 7 3
9

0 1 7 3 8 11 15 12 0 14 1 7 3 8 11 12 8 14 11 15 12 0 14 3 15 7 3
9

0 1 7 3 8 11 15 12 0 14 1 7 3 8 11 12 11 14 12 15 14 0 15 3 0 7 3
9

0 1 7 3 8 11 15 12 0 14 1 7 3 8 11 12 11 14 12 15 14 0 15 3 3 7 7
9

0 1 7 3 8 11 15 12 0 14 1 7 3 8 11 12 11 14 12 15 14 0 15 3 3 7 11
9

0 1 7 3 8 11 15 12 0 14 1 7 3 8 11 12 11 14 12 15 14 0 15 3 3 7 12
9

0 1 7 3 8 11 15 12 0 14 1 7 3 8 11 12 11 14 12 15 14 0 15 3 3 7 14
9

0 1 7 3 8 11 15 12 0 14 1 7 3 8 11 12 11 14 12 15 14 0 15 3 3 7 15
9

0 1 2 3 7 4 8 14 12 0 15 3 12 4 14 8 4 15 8 0 15 3 0 12 3 14 15
1 2 1 2 1

1 0 2 4 3 14 8 0 12 1 15 2 3 12 14 15 1 0 15 2 0 3 3 12 12 14 15
4 8 4 8 4

1 0 2 8 3 14 4 0 12 1 15 2 3 12 14 15 1 0 15 2 0 3 3 12 12 14 15
8 4 8 4 8

3 0 8 2 10 4 12 5 15 9 0 14 2 4 3 5 10 12 14 15 4 2 5 10 12 14 12 15 15
7 6 6

3 0 10 2 12 4 13 5 15 9 0 14 2 4 3 5 10 12 14 15 4 2 5 10 12 14 12 15 15
7 6 6

3 0 10 2 12 4 15 5 0 9 2 14 3 4 9 5 10 12 14 15 4 2 5 10 12 14 12 15 15
7 6 6

3 0 10 2 12 4 15 5 0 9 2 14 3 4 10 5 14 12 4 15 5 2 12 10 2 14 12 15 15
7 6 6

3 0 10 2 12 4 15 5 0 9 2 14 3 4 10 5 14 12 4 15 5 2 12 10 4 14 12 15 15
7 6 6

3 0 10 2 12 4 15 5 0 9 2 14 3 4 10 5 14 12 4 15 5 2 12 10 5 14 12 15 15
7 6 6

3 0 10 2 12 4 15 5 0 9 2 14 3 4 10 5 14 12 4 15 5 2 12 10 10 14 12 15 15
7 6 6

3 0 10 2 12 4 15 5 0 9 2 14 3 4 10 5 14 12 4 15 5 2 12 10 12 14 14 15 15
7 6 6

0 2 3 5 4 8 14 12 4 13 8 15 12 0 15 2 12 3 15 0 12 2 2 3 3 4 4 8 15 0
14 13 14 13 14

0 2 3 5 4 8 13 12 4 14 8 15 12 0 15 2 12 3 15 0 12 2 2 3 3 4 4 8 15 0
13 14 13 14 13

0 2 3 8 4 13 5 14 12 15 2 0 3 8 12 15 13 3 0 8 2 12 3 15 8 0 12 2 15
6 10 10 5 5

2 0 3 1 5 4 9 6 12 14 15 0 1 2 15 3 0 12 2 14 14 1 0 3 3 12 12 15 14
6 9 6 9 6

0 3 1 8 7 15 10 1 12 7 14 10 0 12 3 15 8 0 14 1 7 3 8 12 3 14 12 15 15 0
4 4 6 2 5

2 0 3 1 9 5 12 6 14 13 15 1 0 2 3 5 9 12 0 15 1 3 2 9 5 12 0 15 15 3
10 10 11 7 8

0 1 2 7 3 8 9 12 15 0 2 3 7 8 3 9 9 12 12 15 3 0 0 7 12 8 8 15 15
4 4 5 6 6

3 0 6 1 8 12 14 0 15 12 1 14 3 15 6 0 8 6 1 8 3 12 15 14 0 3 12 8 15
13

0 3 12 5 13 10 15 11 0 14 3 10 11 13 12 14 15 3 0 10 14 11 15 12 3 13 10 0 12 15
8 4 4 8 8

0 1 3 2 4 8 12 11 14 15 0 2 3 11 4 12 0 14 11 15 12 2 2 3 3 15 12 0 15
9

0 2 3 5 4 8 12 11 14 15 0 2 3 11 4 12 0 14 11 15 12 2 2 3 3 15 12 0 15
9

3 0 5 1 7 12 9 15 13 0 14 7 3 9 5 12 15 14 14 0 0 3 3 7 7 12 12 15 15 5
4

3 0 5 1 7 12 9 15 14 0 3 7 5 12 15 14 14 0 0 3 3 5 5 7 7 12 12 15 15 9
4

3 0 5 1 7 12 9 15 14 0 3 7 5 9 15 14 14 12 14 0 0 3 3 7 7 12 12 15 15 5
4

1 0 3 12 5 13 7 15 9 0 14 7 3 9 5 12 15 14 14 0 0 3 3 7 7 12 12 15 15 5
4

3 0 5 12 7 13 9 15 14 0 3 7 5 12 15 14 14 0 0 3 3 5 5 7 7 12 12 15 15 9
4

3 0 5 12 7 13 9 15 14 0 3 7 5 9 15 14 14 12 14 0 0 3 3 7 7 12 12 15 15 5
4

1 0 3 2 8 4 10 12 14 13 15 0 4 3 10 8 12 13 15 0 8 3 0 4 3 12 12 13 13
2 1 2 1 2

0 1 2 3 4 5 12 8 0 14 2 15 5 1 12 3 15 14 1 0 3 2 14 5 0 12 3 15 15
11 7 9 10 13

0 1 2 3 6 5 12 8 0 14 2 15 5 1 12 3 15 14 1 0 3 2 14 5 0 12 3 15 15
11 7 9 10 13

0 1 2 3 12 5 0 8 2 14 5 15 8 1 12 3 15 14 1 0 3 2 14 5 0 12 3 15 15
11 7 9 10 13

0 1 2 3 12 5 0 8 2 14 5 15 12 1 15 3 1 14 3 0 14 2 0 5 3 12 5 15 15
11 7 9 10 13

0 1 2 3 12 5 0 8 2 14 5 15 12 1 15 3 1 14 3 0 14 2 0 5 3 12 12 15 15
11 7 9 10 13

0 1 2 3 12 5 0 8 2 14 5 15 12 1 15 3 1 14 3 0 14 2 0 5 3 12 14 15 15
11 7 9 10 13

2 0 3 1 7 8 10 11 12 14 15 0 7 3 12 14 14 15 15 0 0 3 3 7 15 12 12
1 2 1 2 1

