0 2 8 3 11 4 12 7 13 15 3 0 11 2 12 4 13 7 3 8 4 0 7 2 0 12 2 13 3
6

0 1 2 3 4 8 6 10 14 12 15 1 0 2 10 3 12 6 3 14 14 15 15 1 1 6 15 12 12
9

1 0 3 2 12 4 14 11 0 13 3 15 11 2 15 4 4 12 12 0 0 2 2 3 3 11 12 15 15
5 10 6 7 7 7 6 5 10

0 3 1 10 5 11 12 13 14 3 15 11 0 12 1 13 15 14 12 0 13 1 12 3 3 11 11 15
8

1 0 3 11 4 12 9 13 14 0 15 4 1 12 9 13 11 14 15 0 12 4 14 9 15 13 0 12 13 15
1 1 2

2 0 3 1 5 9 12 13 3 15 5 0 13 1 15 2 13 9 9 12 9 0 0 3 3 12 12 15 15 5
2

0 1 7 2 12 3 13 11 15 14 2 0 7 3 14 11 0 12 2 13 3 15 13 7 0 11 2 15 11
10 6 8 9 9 6 10

0 1 3 2 4 7 3 8 7 12 12 15 12 0 0 1 0 8 12 15 15 1 1 3 3 7 15 8 8
13 14 9

0 3 1 4 14 10 15 11 1 12 3 0 12 10 3 11 10 14 11 15 3 0 0 12 12 14 14 15 15 1
9

0 2 1 4 3 8 7 10 12 13 3 15 8 0 10 1 0 2 10 12 12 13 13 15 12 2 2 3 3 8
6 9 11 15 15 14 14

0 2 1 4 3 8 12 10 3 13 8 15 10 0 0 1 10 2 10 12 12 13 13 15 12 2 2 3 3 8
6 9 11 15 15 14 14

0 2 1 4 3 8 12 10 3 13 8 15 10 0 0 1 10 12 12 2 12 13 13 15 13 2 2 3 3 8
6 9 11 15 15 14 14

0 2 1 5 3 8 12 10 3 13 8 15 10 0 0 1 10 12 12 2 12 13 13 2 2 3 3 8 8 15
6 9 11

3 0 7 1 12 2 13 8 0 11 8 15 15 3 3 1 3 7 7 12 7 0 0 1 1 12 12 15 15 8
10

3 0 7 1 12 2 0 8 8 15 15 3 3 1 3 7 7 12 7 0 0 1 1 8 8 12 12 15 15 11
10

1 0 3 5 9 7 14 10 15 12 10 0 15 1 1 3 3 12 10 14 3 0 0 12 12 15 15 14
4

0 2 3 4 8 7 12 11 14 13 15 3 0 4 11 12 13 15 14 3 0 11 4 12 15 13 3 0 12
5 6 9

0 3 2 4 12 7 15 11 4 13 7 0 11 3 13 12 0 15 13 3 15 4 0 7 3 11 15 12 12
5 6 9

2 0 3 1 4 7 12 13 14 2 15 3 0 12 7 13 15 14 7 0 13 2 0 3 2 12 3 15 12
9 5 9 11 11 15 11 11 7 5 9 9 6 6 6

0 1 8 2 10 3 15 5 2 12 5 0 8 3 10 12 15 2 0 3 5 8 2 10 3 12 12 15 15 0
9

0 4 3 9 5 10 11 14 12 15 0 3 4 9 9 11 11 12 12 15 15 0 9 3 11 4 12 0 15 3
2

