2 0 3 1 4 14 7 15 12 0 13 1 3 4 13 7 15 12 4 0 12 1 0 3 1 7 3 13 12
5 10 9

3 0 12 2 13 4 15 8 2 14 8 0 14 3 3 4 14 12 12 13 3 15 15 0 0 4 4 13 12
6 10 7 5 6

3 0 4 2 6 5 7 9 10 11 12 15 14 0 3 4 6 9 7 12 0 15 12 7 12 9 9 0
6 6 5 7 5 13 1 14 13 8 8

3 0 4 2 6 5 7 9 10 15 12 0 14 2 3 4 6 9 7 12 0 15 12 7 12 9 9 0
6 6 5 7 5 13 1 13 14

0 3 2 4 5 10 11 12 14 13 0 15 3 2 4 11 12 14 4 15 11 0 0 3 3 12 12 15 15
6 9 10 6 9 10 5 14 14 6 2 5 4 13 11 5 10 6 13

2 0 3 6 4 7 14 12 0 13 2 15 3 13 12 14 15 0 2 3 13 12 14 15 3 0 12 2 13
5 10 5 15 14 5 6

0 3 1 4 2 5 7 6 8 9 11 10 12 15 13 1 14 4 0 11 7 12 8 13 9 14 15 11 4 12 11
5 10 10 8 8 7 7 0 0

