0 1 3 4 10 5 15 11 4 12 5 0 15 1 1 3 3 12 3 0 0 4 4 12 12 15 15 5
13 6 7 6 11 6 6

3 0 12 2 2 11 2 13 13 15 2 3 3 0 3 11 11 15 15 12 15 0 0 12 12 13 13 6
10 10 4 9 1 9 6 9 9 8 8 8 8 11 10 5 5

0 1 3 4 7 10 15 11 10 12 11 14 14 0 0 3 3 7 14 12 12 15 0 7 3 10 12 15 15 11
11 7 2 8 9 8 4 8 8 2 1

0 1 2 4 3 8 6 10 14 12 15 0 3 12 10 14 14 15 14 0 0 3 3 12 12 15 15 10
11 7 4

3 0 5 2 8 15 11 3 12 8 13 11 0 12 2 13 11 15 13 0 15 2 0 3 3 8 15 12 12
9 9 9

1 3 2 4 5 9 6 10 7 11 8 13 14 1 4 2 5 7 6 8 13 11 8 14 14 1 1 2 2 4 8
10 9 10

0 1 2 5 3 7 4 8 6 12 9 14 10 15 11 1 13 2 0 4 7 11 8 14 11 0 14 1 1 2 2 0
9 3 3 7 3

0 1 2 4 5 7 6 8 11 9 13 10 14 1 2 4 5 8 13 11 14 1 8 2 1 4 2 13 4 14 8
10 9 5

1 4 2 7 5 8 6 9 10 13 11 14 12 1 10 2 13 6 14 8 2 11 2 1 1 8 8 10 10 14 14
0 6 6

2 1 3 6 4 9 5 10 7 11 8 12 15 13 4 14 11 1 13 2 14 3 3 5 13 15 14 2 2 11 11 4
3 9 9 6 12 6 6

