1 0 3 2 7 13 8 15 12 2 0 7 3 13 8 15 12 0 15 2 2 3 3 8 15 12 12 13 13
10 5 6 14 6 6 10

0 3 1 4 2 8 11 12 13 14 15 0 2 3 4 12 14 15 0 2 3 4 0 12 3 14 12 15 15
6 9 5

0 2 1 4 7 5 8 6 9 10 11 13 14 1 4 2 5 6 7 11 9 14 10 1 13 6 2 11 2 13 6
9 5 10 3 15 7 7 0 15 0 0

2 0 4 1 5 6 8 7 9 11 10 12 14 13 7 1 11 2 12 4 1 14 14 13 14 2 2 7 7 1
5 5 9 13 13

1 5 2 9 4 10 6 11 7 13 8 14 15 1 6 2 8 4 14 7 4 10 4 13 13 1 13 2 2
10 10 6 14 0 5 5 9 9 6 14

1 2 4 3 6 5 11 7 13 8 2 9 6 10 7 14 8 1 11 4 4 13 13 10 13 2 2 8 8 11 11 4
6 6 5 10 10 15 0 5 3 15 15

1 3 2 4 7 5 9 6 13 8 14 10 1 11 4 2 8 6 10 7 11 9 2 13 7 14 2 4 4 6 6 14
1 1 0 5 7

0 2 1 5 4 8 6 9 7 11 10 12 15 13 1 14 4 2 5 12 8 13 10 15 14 1 8 5 1 13 13
2 2 11 4 4 12 12 10 10 6 7 6 6 7 7

2 1 4 5 6 7 8 9 13 10 14 11 6 12 11 1 11 2 11 8 8 4 8 13 13 7 13 4 4 14
6 6 15 12 15 7 7 5 9 0 0 5 5 1 1 0 0

2 0 5 1 6 4 8 7 10 9 12 11 5 13 8 14 12 1 13 2 1 7 7 9 7 14 14 2 2 8 14 12
5 5 9 13 12 0 15 3 3 10 6

2 0 5 1 6 4 8 7 10 9 12 11 5 13 8 14 12 1 1 7 7 2 7 14 14 9 14 2 2 12 12 8
5 5 9 15 3 6 10 0 3 3 3 0 0

1 0 4 2 7 5 8 6 10 9 2 11 6 13 8 14 11 1 1 4 2 5 4 7 2 10 4 14 14 5 5 11
10 6 9

0 1 6 2 7 4 9 5 10 8 11 1 13 2 14 7 4 10 6 11 8 13 7 1 1 2 2 4 4 8 7
3 6 6

0 3 1 4 2 8 5 10 6 11 7 13 9 2 14 4 1 7 6 8 1 10 4 13 13 14 13 10 10 14 14 1
6 6 9 8 8 9 2 11 11

0 3 1 4 2 6 5 8 7 10 9 12 11 13 14 1 0 2 5 3 12 4 2 7 12 11 11 13 11 13 13 14
5 5 12 10 6 10 10 15 15 3 3

1 3 2 5 4 9 6 10 7 13 8 14 11 1 4 2 5 7 8 10 9 11 1 13 7 4 11 8 7 1 8 4
10 11 15 3 15 3 3 0 0 13 13

1 3 2 5 4 9 6 10 7 13 8 14 11 1 4 2 5 7 8 10 1 11 7 13 10 4 11 8 7 1 8 4
9 11 15 3 15 3 3 0 0 13 13

0 3 1 4 2 5 7 6 9 8 10 11 14 13 7 1 9 2 13 8 14 11 1 2 13 7 1 8 8 11 11
0 3 9 14 14

1 0 4 2 6 5 10 7 11 8 14 9 15 12 0 13 2 1 7 4 10 6 11 8 4 13 4 0 0 1 1
13 13 15 10 10 11 11 5 5

1 0 2 4 3 7 5 9 6 11 8 14 10 1 13 2 6 4 9 7 11 8 1 10 7 14 14 13 14 4 4 10
6 6 3 9 11 8 8

0 1 5 2 6 4 7 9 8 10 11 12 14 13 1 5 2 11 4 13 7 2 14 4 2 11 11 13 13 14 14
10 7 7

1 0 4 2 5 6 7 8 10 9 13 11 14 4 1 7 2 8 11 9 4 10 7 13 13 14 7 8 8 11 11 2
1 1 9 12 3

1 0 2 5 3 6 4 7 8 11 9 13 10 14 12 15 0 1 2 3 6 4 8 5 13 14 14 1 1 2 2 12
0 5 5 10 0

1 3 2 6 4 8 5 9 7 10 11 13 12 14 15 1 2 3 11 8 12 10 13 14 3 15 15 8 8 11 11 12
3 10 10 14 14 15 7

0 1 4 2 6 3 7 5 9 8 10 4 11 7 13 9 14 11 1 13 2 14 5 1 8 2 1 11 11 13 13 7
0 3 0 0 10 9 5 10 8 3 3

2 0 5 1 6 4 7 10 8 11 9 13 4 14 6 1 8 11 11 2 11 14 14 7 14 2 2 4 4 7 7 13
6 6 1 9 5 5 1 12 15 15 12

0 2 1 4 7 5 8 6 10 9 11 1 13 4 14 5 2 7 6 8 9 10 13 11 14 4 6 5 4 7 5
0 13 13 14 14 3 15

0 2 1 4 7 5 8 6 10 9 11 4 13 5 14 7 2 8 6 10 9 11 13 4 14 5 6 7 4 8 5
0 13 13 14 14 3 15

3 1 4 2 6 5 7 11 8 12 9 13 10 15 14 2 1 4 5 8 14 11 1 15 15 13 15 2 2 14 14 8
11 7 3

4 1 6 2 7 5 8 11 9 12 10 13 14 15 1 2 5 4 14 8 1 11 11 15 15 13 15 2 2 14 14 8
3 7 3

1 2 4 3 8 5 9 6 11 7 14 10 2 13 5 1 8 4 10 6 13 7 4 11 13 14 13 8 8 11 11 10
0 12 6 5 4

1 0 2 5 4 6 7 8 10 9 14 11 1 13 6 2 7 4 8 9 11 10 13 14 1 2 4 7 11 8 2 1
9 10 11 3 12 6 14

1 0 4 2 6 5 7 9 8 11 10 14 13 2 1 4 9 7 4 8 8 11 4 13 13 14 8 1 13 2 2 1
6 9 6

1 6 2 8 4 9 5 10 7 13 11 15 14 2 1 7 4 8 1 11 2 13 4 14 7 11 13 1 7 2 11 4
3 0 10 15 3 15 15 8 8

5 1 6 2 9 4 10 7 11 8 13 14 4 1 8 2 10 5 11 6 13 7 1 9 2 4 6 7 1 10 7 2
0 15 0 11 11 9 8 13 13 4 5

0 1 2 5 4 8 6 9 7 11 10 14 13 0 15 1 4 2 6 7 9 8 11 13 2 14 7 15 11 1 1 6
4 4 10

1 2 6 3 7 4 10 5 11 8 12 9 1 13 2 14 8 4 1 7 2 11 8 13 13 14 2 4 4 7 8 1
6 6 7 14 14 3 11 3 3

0 2 1 4 6 5 7 8 10 9 11 13 1 14 2 0 8 4 1 7 2 11 8 13 13 14 2 4 4 7 8 1
15 3 5 14 14 15 3

1 0 5 2 7 4 10 6 12 8 14 9 1 11 2 13 7 4 8 5 9 6 13 11 14 1 2 4 4 8 8 7
14 14 6 11 11 2 3

