0 2 1 11 3 12 15 14 1 0 14 2 0 3 1 11 3 12 11 15 15 2 2 12 3 0 12 1 15
10

3 0 4 2 12 10 15 11 0 13 2 3 4 10 12 0 13 2 15 3 10 4 2 12 3 15 12 0 15
9 8 8

0 1 2 3 4 8 6 10 14 12 15 1 0 2 10 3 12 6 2 14 3 15 15 1 1 6 15 12 12
9

0 1 3 2 9 5 10 7 15 12 2 14 5 0 0 3 3 7 0 10 10 12 12 15 3 2 2 5 5
6 4 6

0 3 1 8 4 11 12 13 14 3 15 11 0 12 1 13 15 14 12 0 13 1 12 3 3 11 11 15
10 5 0

0 3 5 10 8 12 11 0 13 5 15 15 3 0 10 3 11 11 12 12 13 13 5 15 10 0 12 3 15 11
9 1 9

0 3 1 12 2 15 8 0 13 3 1 12 2 2 8 3 13 13 15 15 0 0 1 1 8 2 12 8 3 12
9

1 0 3 5 4 7 8 11 9 12 13 0 15 3 1 4 9 5 11 15 12 3 0 9 5 12 3 15 15
11 1 1

1 0 3 5 4 7 8 11 9 12 13 0 15 3 9 4 11 5 12 15 13 3 0 9 5 12 3 15 15
11 13 13

0 1 2 3 5 8 7 12 13 15 14 1 0 7 2 8 3 13 12 14 1 0 7 2 8 12 0 13 12
6

0 3 1 7 14 10 15 11 1 12 3 0 12 10 3 11 10 14 11 15 3 0 0 12 12 14 14 15 15 1
9

0 2 1 4 3 8 12 10 3 13 8 15 10 0 0 1 10 12 12 2 12 13 13 2 2 3 3 8 8 15
6 9 11 15 15 14 14

0 2 1 8 3 10 11 13 12 15 3 0 8 1 10 2 0 11 10 12 12 13 13 15 12 2 2 3 3 8
6

0 3 2 4 8 7 12 13 15 0 2 13 3 15 4 0 8 2 12 3 8 4 12 15 13 8 0 12 3 15
10 5 6

1 0 3 2 10 4 12 7 15 13 2 0 7 1 13 3 2 10 3 12 7 15 15 0 0 1 15 12 12 3
6

0 3 12 4 15 7 4 11 7 13 11 0 13 3 0 12 13 15 15 3 0 4 3 7 4 11 15 12 12
5 6 9

0 3 12 4 15 7 4 11 7 13 11 0 13 3 0 12 13 15 15 3 0 4 3 7 13 11 15 12 12
5 6 9

