2 0 5 1 12 3 15 7 3 9 9 11 11 0 12 1 3 15 15 0 0 1 1 9 3 11 15 12 12
10 8 10 5 10 10 8 8 8

1 0 3 2 7 11 12 13 15 14 2 0 14 1 15 3 0 12 1 2 3 14 12 15 3 0 12 2 15
10 6 9 8 6 9 6 10 10

1 0 3 2 12 11 15 13 2 14 11 0 14 1 15 3 0 12 1 2 3 14 12 15 3 0 12 2 15
10 6 9 8 6 9 6 10 10

1 0 3 2 12 11 15 13 2 14 14 0 15 1 0 3 1 12 3 2 12 14 3 15 12 0 14 2 15
10 6 9 8 6 9 6 10 10

2 0 6 3 7 9 8 11 15 12 0 13 2 9 3 15 6 0 8 2 12 3 9 6 12 8 3 0 12
5 1 1

0 2 1 3 7 4 12 11 13 14 15 0 2 3 7 11 14 12 0 13 2 15 3 7 13 11 0 15 11
10 6 9

0 2 7 3 12 4 13 11 15 14 2 0 7 3 14 11 0 12 2 13 3 15 13 7 14 11 0 15 11
10

1 0 3 5 4 7 8 11 9 12 13 0 15 3 9 4 11 5 12 15 0 3 4 9 5 12 3 15 15
11

0 2 1 3 14 10 15 11 1 12 3 0 12 10 3 11 10 14 11 15 3 0 0 12 12 14 14 15 15 1
9

0 3 1 4 5 10 7 12 14 15 1 0 10 3 15 7 7 12 12 14 14 0 15 1 12 3 3 10 15 0
9 13 13

0 1 2 3 6 4 8 5 11 7 12 15 13 0 5 11 12 13 13 15 15 0 0 5 15 12 12
3

2 0 6 1 8 3 12 4 15 5 0 1 4 2 8 3 0 12 1 15 3 2 12 4 3 15 12 0 15
13 9 9 6 5 13 5 1 5

3 0 10 1 11 2 12 7 14 13 15 0 2 13 3 15 7 2 12 3 14 7 15 12 3 13 13 14 15
9

0 2 1 3 5 8 7 10 14 12 15 1 0 8 3 12 7 14 8 15 12 0 14 1 0 3 3 15 15 7
6

3 0 12 2 13 8 14 11 2 15 3 0 8 11 12 15 13 0 3 2 11 8 0 12 8 13 12 15 15 3
9

0 2 4 3 7 8 12 15 13 0 2 4 3 13 7 3 8 7 12 8 15 12 0 13 2 15 4 0 15 12
5

0 1 6 2 10 3 13 8 0 12 2 14 6 15 12 3 15 13 13 0 0 3 3 6 6 12 12 15 15 2
10

0 2 1 6 3 12 10 14 13 15 1 0 2 10 3 13 12 2 15 13 0 15 1 0 3 1 12 3 2 15
9

0 3 1 4 5 9 7 10 12 13 15 3 1 4 12 7 13 15 1 4 3 13 7 15 12 1 4 3 15 12
5 9 5

0 1 2 8 3 11 5 12 13 14 0 15 3 2 11 5 12 13 15 0 0 3 3 11 11 12 12 15 15 2
7 7 7

0 1 2 8 3 11 5 12 13 14 0 15 3 2 11 13 12 14 15 0 0 3 3 11 11 12 12 15 15 2
7 7 7

0 1 3 6 5 7 12 9 15 10 1 0 3 9 5 10 7 0 12 1 0 3 3 9 9 10 10 12 12 5
8 4 4 6 6 6 8 4 8

