2 0 4 3 8 12 9 13 15 2 0 12 3 0 4 2 9 3 13 4 15 12 9 13 15 3 0 9 12 15
10 11 6

2 0 3 5 10 7 12 8 15 11 0 7 2 8 3 11 0 12 11 15 12 2 15 3 0 7 7 8 8
6 4 4 12 6 5 6 6 5 4 4

0 2 1 5 3 7 10 9 15 12 2 14 5 0 0 3 3 7 0 10 10 12 12 15 3 2 2 5 5
6 4 6

0 1 4 3 12 7 13 8 15 9 0 14 1 3 8 4 12 7 0 15 3 1 4 8 7 12 1 0 12 3
10

0 3 8 4 9 7 12 13 15 14 4 0 7 3 8 12 14 15 0 4 3 8 7 15 12 0 12 3 15
6 5 10

1 0 3 2 7 6 8 13 12 15 0 2 3 7 8 13 12 15 15 0 15 2 2 3 3 12 12 13 13 8
10

1 0 3 5 4 7 8 11 9 12 13 0 14 3 15 4 9 5 11 15 12 3 0 9 5 12 3 15 15
11

1 0 9 2 10 3 12 4 13 5 14 15 0 1 3 2 12 13 15 14 1 0 15 2 2 12 12 13 15 0
11

0 3 1 8 4 10 7 12 14 15 1 0 10 3 15 7 7 12 12 14 14 0 15 1 12 3 3 10 15 0
5 6 9 13 13 13 13 14 5

0 3 1 8 6 10 7 12 14 15 1 0 10 3 15 7 7 12 12 14 14 0 15 1 12 3 3 10 15 0
5 4 9 13 13 13 13 14 5

0 3 1 10 4 11 7 12 14 15 1 0 10 3 15 7 7 12 12 14 14 0 15 1 12 3 3 10 15 0
5 6 9 13 13 13 13 14 5

0 3 1 10 6 11 7 12 14 15 1 0 10 3 15 7 7 12 12 14 14 0 15 1 12 3 3 10 15 0
5 4 9 13 13 13 13 14 5

0 3 1 10 4 12 7 15 14 0 1 3 10 4 15 7 7 12 12 14 14 0 15 1 12 3 3 10 15 0
5 6 9 13 13 13 13 14 5

2 0 7 1 11 3 12 8 0 15 12 1 15 2 1 3 3 8 15 11 11 0 3 2 11 12 12 0 15
5 10 13 9 9 10 5 13 5

2 0 11 1 12 3 0 8 12 15 15 1 1 2 15 3 3 8 8 11 11 0 3 2 11 12 12 0 15
5

2 0 11 1 12 3 0 8 12 15 15 1 1 2 15 3 3 8 3 11 11 0 11 2 2 12 12 0 15
5

2 0 8 1 12 3 15 4 0 6 4 1 8 2 0 3 1 12 3 15 12 2 2 4 3 15 12 0 15
5 7 13 9 9 6 5 13 5

0 2 1 4 3 8 12 10 3 13 8 15 10 0 0 1 10 12 12 2 12 13 13 15 15 2 2 3 3 8
6 9 11

2 0 3 4 5 6 8 10 14 11 15 12 0 2 6 3 8 4 11 0 6 2 11 3 3 4 4 8 11 0
10

2 0 3 4 5 6 8 10 15 11 0 12 6 2 8 3 11 4 6 0 11 2 2 3 3 4 4 8 11 0
10

1 0 3 2 4 6 8 11 9 13 10 14 12 1 15 2 0 3 15 8 1 12 12 0 0 3 3 8 12
6 9 6

1 0 3 2 7 6 8 11 9 13 10 14 12 1 15 2 0 3 15 8 1 12 12 0 0 3 3 8 12
6 9 6

1 0 3 2 8 6 9 11 10 13 12 14 15 1 0 2 11 3 15 8 1 12 12 0 0 3 3 8 12
6 9 6

1 0 3 2 8 6 9 11 10 13 12 14 15 1 0 2 13 3 15 8 1 12 12 0 0 3 3 8 12
6 9 6

0 8 3 10 6 12 7 13 14 15 0 3 6 8 12 14 3 15 15 0 0 6 3 8 6 12 8 14 15
11 9 11 7 11 11 10 9 10 9 10

0 2 3 4 12 7 14 11 15 13 0 3 11 4 13 12 14 15 0 3 4 11 15 12 3 13 4 0 12
5 6 9

0 2 3 4 12 7 14 11 15 13 0 3 11 4 13 12 14 15 0 3 4 11 15 12 3 13 11 0 12
5 6 9

0 3 8 4 12 7 15 11 4 13 7 0 11 3 13 12 0 15 13 3 15 4 0 7 3 11 15 12 12
5 6 9 1 6 9 6

0 1 12 3 13 5 15 7 0 9 5 3 7 9 9 15 15 12 15 0 0 3 3 5 5 7 7 12 12 14
4

0 2 12 3 13 5 15 7 0 9 5 3 7 9 9 15 15 12 15 0 0 3 3 5 5 7 7 12 12 14
4 8 10 14 13 14 14

0 2 7 3 12 11 3 14 12 15 15 0 0 2 15 7 7 11 11 14 14 2 0 3 2 12 12 3 15
10

0 2 4 3 13 11 14 12 15 0 2 13 3 0 4 2 12 4 15 12 3 13 3 15 12 0 15 2
5

0 2 4 3 13 11 15 12 2 0 3 13 4 0 12 2 15 4 3 12 3 13 4 15 12 0 15 2
5

0 2 4 3 13 11 15 12 2 0 3 13 4 0 12 2 15 4 3 12 3 13 12 15 13 0 15 2
5

0 2 4 3 11 12 13 14 15 0 2 13 3 0 4 2 12 4 15 12 3 13 3 15 12 0 15 2
5 10 6

0 2 4 3 13 12 15 14 2 0 3 13 4 0 12 2 15 4 3 12 3 13 12 15 13 0 15 2
5 10 6

3 0 4 2 6 9 8 11 12 14 13 15 3 0 4 6 9 13 11 15 12 0 6 4 11 9 15 13 0
5 10 10

0 1 10 3 11 4 12 7 1 8 4 15 7 0 0 3 3 11 11 12 0 15 15 4 3 7 15 12 12
5

0 1 2 4 3 5 12 15 13 0 1 4 2 5 3 12 13 15 0 1 5 2 12 3 0 15 12 2 15 3
6 9 9 1 6

2 0 10 1 11 3 12 4 0 6 3 13 10 15 11 1 15 2 2 4 4 12 12 0 15 1 0 10 1
9 5 5

1 0 3 7 11 8 12 9 13 14 15 0 7 1 9 3 14 12 3 15 14 0 15 1 0 9 3 12 12
2 2 6

1 0 3 7 11 8 12 9 13 14 15 0 9 1 11 3 14 12 3 15 14 0 15 1 0 9 3 12 12
2 2 6

0 2 1 4 3 5 13 8 1 12 8 15 12 0 13 3 3 4 4 15 8 0 0 12 3 13 12 15 15
6

0 2 1 4 3 5 13 8 2 12 8 15 12 0 13 3 3 4 4 15 8 0 0 12 3 13 12 15 15
6

0 2 1 4 3 8 13 9 1 12 8 15 12 0 13 3 3 4 4 15 8 0 0 12 3 13 12 15 15
10 11 6

0 2 3 7 11 9 12 14 2 15 7 0 15 3 0 12 12 14 0 2 12 3 3 14 14 15 15
6

0 2 3 7 12 9 13 14 2 15 7 0 15 3 0 12 12 14 0 2 12 3 3 14 14 15 15
6

0 2 3 7 12 9 2 14 7 15 15 0 0 3 7 12 12 14 0 2 12 3 3 14 14 15 15
6

1 0 4 2 12 3 13 8 14 15 0 2 1 3 4 8 13 12 15 1 3 2 2 4 3 12 12 15 15 13
5

0 1 7 3 14 8 15 12 0 12 1 0 3 3 7 7 8 8 14 12 15 14 1 15 3 0 12
9

0 1 7 3 14 8 15 12 0 12 1 0 3 3 7 7 8 8 14 12 15 14 3 15 7 0 12
9

0 1 7 3 14 8 15 12 0 12 1 0 3 3 7 7 8 8 14 12 15 14 3 15 8 0 12
9

0 1 7 3 14 8 15 12 0 12 1 0 3 3 7 7 8 8 14 12 15 14 3 15 12 0 14
9

0 2 1 8 3 11 15 12 0 1 8 2 11 3 0 12 1 15 15 2 2 3 3 11 11 12 12 0 15
10

0 2 1 11 3 12 9 14 15 1 0 2 11 3 0 12 1 15 15 2 2 3 3 11 11 12 12 0 15
10 6 6

2 0 3 1 4 12 7 15 9 2 10 3 0 7 15 9 0 10 2 12 3 7 9 10 12 15 3 0 12
14

0 3 1 5 4 8 7 14 12 3 15 7 0 12 4 15 5 0 14 3 12 4 14 5 3 15 12 0 15
11 11 7 11 10

0 3 4 5 7 8 12 14 15 3 0 7 4 12 5 15 14 0 12 3 14 4 3 5 4 15 12 0 15
11 11 7 11 10

0 3 4 5 7 8 12 14 15 3 0 7 4 12 5 15 14 0 12 3 14 4 3 5 5 15 12 0 15
11 11 7 11 10

0 3 4 5 7 8 12 14 15 3 0 7 4 12 5 15 14 0 12 3 14 4 3 5 12 15 14 0 15
11 11 7 11 10

1 0 3 6 4 11 12 13 0 15 4 1 6 3 12 11 13 15 1 0 11 4 13 6 0 12 12 15 15
10 5 9 8 8 8 10 9 9

3 0 8 2 10 6 12 7 2 14 3 15 15 0 0 6 0 12 12 10 12 2 2 3 3 6 6 15 15
4 5 4 8 4

0 3 1 12 2 15 4 1 11 3 14 11 0 12 2 15 4 2 14 4 0 11 3 14 12 15 3 0 15 12
6 10 6

2 0 3 7 5 10 12 14 13 15 0 5 3 10 7 12 13 15 14 0 5 3 14 7 0 10 10 12 12
9

0 1 7 2 12 3 13 4 15 8 0 14 4 1 14 3 3 12 3 15 15 0 0 1 1 4 15 12 12
10

0 1 7 3 12 4 13 6 15 8 0 14 4 1 14 3 3 12 3 15 15 0 0 1 1 4 15 12 12
10

0 1 7 3 12 4 13 8 15 9 0 14 4 1 14 3 3 12 3 15 15 0 0 1 1 4 15 12 12
10

2 0 3 1 12 4 14 8 1 15 8 0 15 2 2 3 15 12 2 14 14 0 0 1 14 3 15 12 12
5 10 6 7 6 10 6

0 1 8 2 12 3 14 4 15 6 2 13 15 0 0 3 3 12 0 13 3 12 12 13 13 15 15 2
5

0 1 8 2 12 3 14 4 15 7 2 13 15 0 0 3 3 12 0 13 3 12 12 13 13 15 15 2
5

3 0 5 1 12 6 6 8 8 15 15 7 15 10 15 1 1 0 1 10 10 12 12 3 12 0 0 3 3 5
14

0 1 2 10 3 12 6 14 8 15 9 0 13 9 1 12 2 13 14 15 1 13 2 14 12 15 12 2 15
6 3 10

0 4 3 8 5 11 6 12 13 14 4 15 14 0 0 3 0 12 12 13 13 15 15 3 3 4 12 14 15
9

0 3 2 4 9 7 13 10 15 12 12 14 12 0 0 2 2 3 0 7 7 13 13 14 12 3 3 14 14
5 6 10 6 10 10 5

3 0 10 1 12 2 15 4 2 7 4 13 7 0 0 3 3 12 12 13 13 15 3 2 12 15 15 4
5 5 10

3 0 12 2 15 4 2 7 4 9 7 0 0 13 0 3 3 12 12 13 13 15 3 2 12 15 15 4
5

0 2 1 3 11 5 15 12 1 14 5 0 14 12 12 3 12 15 15 11 15 0 0 3 3 5 5 1
6

3 0 4 1 12 2 14 11 15 13 2 0 12 3 2 11 3 13 11 14 14 15 3 0 0 12 12 15 15
9

3 0 12 1 14 2 15 11 2 13 12 0 2 3 3 11 11 13 2 14 14 15 3 0 0 12 12 15 15
9

1 0 3 2 12 11 2 13 13 15 2 0 2 3 3 11 11 12 3 15 15 0 0 12 12 13 15
10

0 1 2 4 3 14 7 15 10 0 12 3 4 7 14 10 0 12 3 15 4 12 7 14 10 0 15 3 12 15
9

0 1 2 8 3 12 7 15 9 3 10 7 13 9 0 13 1 15 2 2 12 3 0 7 13 15 15 0
6 14 4 5 4 8 4 4 8 12 12

0 1 2 8 3 12 7 15 9 3 13 7 14 9 0 13 1 15 2 2 12 3 0 7 13 15 15 0
6 10 4 5 4 8 4 4 8 12 12

0 1 6 2 10 3 0 9 6 12 9 15 12 3 12 10 10 15 12 0 0 3 3 15 15 6
5

0 3 1 4 12 11 14 13 15 0 1 3 13 4 14 11 0 12 11 15 12 1 13 3 15 14 3 0 15 12
10 5 6 2 2

0 2 1 8 3 13 5 14 12 15 2 0 15 1 0 3 3 12 15 1 0 2 3 12 12 1 15
10 6 9 11 9 6 9

0 3 1 4 11 7 12 9 15 13 0 14 1 3 7 4 14 12 4 13 13 15 15 0 0 1 15 3 3
6 5 10 2 6 9 6 6 9 12 12

0 3 1 4 12 7 15 9 0 13 1 14 7 3 14 4 4 13 13 15 15 12 15 0 0 1 1 3 3
6 5 10 2 6 9 6 6 9 12 12

0 3 1 4 12 7 15 9 0 13 1 14 7 3 14 4 4 12 4 13 13 15 15 0 0 1 15 3 3
6 5 10 2 6 9 6 6 9 12 12

0 3 1 4 12 7 15 9 0 13 1 14 7 3 14 4 4 13 13 12 13 15 15 0 0 1 15 3 3
6 5 10 2 6 9 6 6 9 12 12

0 1 2 3 4 8 7 9 11 10 12 14 15 0 1 3 7 9 8 12 10 15 11 3 0 7 3 10
2 2 5 6 6

3 0 4 1 5 2 8 14 12 15 0 2 1 4 3 5 12 15 0 1 4 2 2 12 4 15 12 0 15
6

3 0 4 1 5 2 11 14 12 15 0 2 1 4 3 5 12 15 0 1 4 2 2 12 4 15 12 0 15
6

3 0 4 1 5 2 12 14 13 15 0 2 1 4 3 5 12 15 0 1 4 2 2 12 4 15 12 0 15
6

1 0 3 8 11 9 12 14 13 15 3 0 8 1 12 13 14 15 13 0 14 1 0 3 3 12 12 15 15 8
13 14 9 5 10 10 5

1 0 8 3 12 5 15 10 10 13 13 8 8 0 8 12 12 3 12 15 15 0 0 3 3 10 10 13 15
4 4 6 7 2 14 2 1 2 1 2

0 1 3 2 8 7 15 12 3 14 14 0 14 1 1 2 2 7 7 15 15 12 15 0 0 3 3 12 12
6 10 5

1 0 3 2 11 7 12 8 14 13 15 0 2 8 3 11 7 12 13 14 13 15 14 0 0 2 14 3 3
8 8 12 15 15 6 9

2 0 3 1 12 8 15 11 1 14 11 0 12 2 14 3 1 8 2 15 8 3 11 14 2 15 3
9

0 1 2 4 3 10 14 12 15 0 1 12 3 14 10 15 14 0 0 3 3 10 14 12 12 15 15
13 13 9 5 11 8 4 8 4 8 4

0 1 2 4 3 10 14 12 15 0 2 12 3 14 10 15 14 0 0 3 3 10 14 12 12 15 15
13 13 9 5 11 8 4 8 4 8 4

1 0 3 4 10 5 11 15 12 3 13 5 0 10 1 12 3 15 10 0 0 1 3 5 5 12 12
6

0 1 2 3 8 4 12 5 14 15 0 1 3 4 5 8 0 12 3 14 5 15 12 4 15 8 3 14 4 0
10 6 7

0 1 3 2 11 6 14 7 15 9 1 12 3 0 6 9 7 11 0 12 7 15 12 3 12 9 9 15 15 11
5

0 1 3 6 11 7 14 9 15 12 1 0 3 9 6 11 7 12 0 15 7 1 12 3 12 9 9 15 15 11
5

3 0 9 2 10 6 12 7 13 14 15 0 2 7 3 12 14 13 2 15 7 0 14 3 0 13 3 15 15
5 4 10 5 10 5 6 14 6 2 6

0 1 2 3 13 4 14 10 15 12 0 1 12 10 10 14 14 15 15 3 15 0 0 1 1 3 3 12 12 13
9 4 9 4 4 2 2

1 2 5 3 6 4 7 8 10 9 12 11 13 14 2 1 4 5 7 6 8 1 11 2 1 8 8 11 11
9

1 0 2 3 4 6 5 8 7 9 10 13 11 1 12 3 14 4 15 8 5 14 7 15 3 1 4 8 8 14 14 7
5 5 6 4 10 10 9 9 6 3 7

1 0 2 3 4 6 5 8 7 9 10 13 11 1 12 3 14 4 15 8 0 14 5 15 7 4 3 8 8 14 14 7
5

1 5 2 7 4 11 6 14 8 1 9 2 10 6 13 7 4 8 9 11 14 1 7 6 1 8 8 11 11
3

1 2 4 3 6 5 7 10 8 13 9 1 11 2 14 7 6 13 8 14 11 1 2 7 7 13 13 14 14
0 15 0

1 4 2 8 5 9 6 11 7 13 10 14 12 1 2 4 7 5 11 8 13 10 13 12 13 1 1 4 4 14
6

1 2 4 5 9 6 10 8 13 11 14 12 2 1 4 6 10 8 11 14 13 2 1 4 1 8 4 13 8 14 13 2
10

