0 1 2 6 3 8 4 13 7 15 12 0 8 3 13 4 3 7 7 12 12 15 3 0 0 4 12 15 15 8
8 4 9 1 2 1 1 6 9 6 6

0 2 3 4 7 9 12 11 15 14 9 0 11 2 12 3 14 7 2 15 3 0 11 7 0 9 3 12 12 14
10 5 13 10 5

0 3 1 10 14 11 15 12 1 13 3 0 12 10 3 11 10 14 11 15 3 0 0 12 12 14 14 15 15 1
9 1 9

0 1 3 2 4 6 13 7 15 12 0 2 1 4 3 6 12 13 15 1 0 3 4 6 12 15 13 0 6 3
10

0 2 1 4 3 8 5 10 12 13 3 15 8 0 10 1 0 2 10 12 12 13 13 15 12 2 2 3 3 8
6 9 11 9 5 9 9

0 2 1 5 3 8 4 10 12 13 3 15 8 0 10 1 0 2 10 12 12 13 13 15 12 2 2 3 3 8
6 9 11 9 5 9 9

0 2 1 5 3 8 12 10 3 13 8 15 10 0 0 1 10 2 10 12 12 13 13 15 12 2 2 3 3 8
6 9 11 9 5 9 9

0 2 1 5 3 8 12 10 3 13 8 15 10 0 0 1 10 12 12 2 12 13 13 15 13 2 2 3 3 8
6 9 11 9 5 9 9

2 0 3 9 4 11 13 12 14 3 15 9 2 13 12 15 14 2 15 3 3 9 9 12 12 13 15
10

0 2 1 4 3 12 5 13 14 15 0 1 3 2 4 13 12 0 15 3 2 12 3 13 12 15 13 0 15
4 5 5

3 0 12 1 15 2 2 10 10 4 10 0 0 8 0 3 3 13 3 13 13 15 15 12 15 12 12 2
11 7 6 9 5 9 6 9 9 7 11 7 7 4 8 4 4 13 5 5 6

0 2 1 3 4 7 13 11 14 12 15 0 1 15 2 1 3 2 7 3 12 7 14 12 0 14 12 15 15
9

