0 1 2 3 4 8 7 10 12 14 13 2 15 12 0 15 3 0 8 2 14 3 0 8 3 12 12 15 15 14
6 5 5 5 6 7 6

0 3 1 4 7 11 12 13 14 3 15 11 0 12 1 13 15 14 12 0 13 1 12 3 3 11 11 15
15 10 0 8 9

3 0 8 1 12 4 15 7 4 10 7 13 13 0 0 1 1 3 3 8 0 12 12 15 15 7 3 8 15 13
5 5 10

0 2 1 5 3 8 7 10 12 13 3 15 8 0 10 1 0 2 10 12 12 13 13 15 12 2 2 3 3 8
6 9 11 9 5 9 9

0 2 1 5 3 8 12 10 3 13 8 15 10 0 0 1 10 2 0 12 12 13 13 15 12 2 2 3 3 8
6 9 11 9 5 9 9

0 1 6 2 12 3 15 7 1 8 1 3 3 10 3 7 7 12 12 0 12 15 15 10 15 0 0 10 10 1
9

0 2 1 3 4 5 12 8 13 15 14 0 2 1 4 3 12 13 0 15 13 2 0 3 3 12 12 15 15 4
11

3 0 7 1 12 2 15 10 0 11 1 2 10 3 12 11 15 1 2 10 3 11 3 12 11 15 12
9

