0 2 3 4 6 9 7 11 12 13 15 0 2 3 7 11 15 12 3 13 13 0 0 2 3 11 11 15 15 12
10 5 1

0 1 2 4 3 5 7 6 8 15 9 1 12 4 14 6 7 12 8 14 1 15 1 4 4 12 12 15 15 8
9 6 6 0 0 13 13 14 13 2 3 10 10 10 2 3 9

1 0 3 5 4 6 12 7 15 13 7 14 13 3 3 0 3 4 4 6 6 12 12 14 12 0 0 14 14 13
10 7 10

0 1 3 2 12 4 14 5 0 15 1 3 4 12 12 14 14 15 12 0 0 3 3 15 15 1
9 6 7 6 9 6 6

0 1 2 5 3 6 12 8 15 0 2 1 3 5 0 6 2 12 5 15 15 3 3 6 6 12 12 0 15 2
7 11 9

3 0 10 1 12 2 15 4 0 6 1 14 0 2 1 3 3 12 3 15 15 14 15 2 2 12 12 14 14 0
7 11 6 11 7 11 11 13 13

3 0 12 2 2 6 2 11 2 13 13 3 3 15 3 11 11 0 11 15 15 12 15 0 0 12 12 13
10 10 4 8 8 9 1 9 6 9 9 8 8 5 5

0 3 1 5 2 8 7 13 9 0 12 3 15 7 2 8 0 12 3 13 8 15 0 2 3 12 12 15 15 7
13 5 9 5 5 11 11

0 3 1 5 2 8 7 13 10 0 12 3 15 7 2 8 0 12 3 13 8 15 0 2 3 12 12 15 15 7
13 5 10 5 5

0 1 4 2 7 3 12 8 0 9 3 14 4 15 8 1 9 12 3 15 8 0 0 1 1 4 3 15 15 9
5 6 10

0 1 3 7 4 8 12 10 13 14 15 3 12 4 14 7 7 8 8 15 15 10 15 3 3 4 4 12 12 14
9 6 2 10 10

0 1 3 7 4 8 12 10 15 14 12 3 14 7 7 4 7 8 8 15 15 10 15 3 3 4 4 12 12 14
9 6 2 10 10

0 1 3 7 4 8 12 10 15 14 12 3 14 7 7 8 8 4 8 15 15 10 15 3 3 4 4 12 12 14
9 6 2 10 10

2 0 3 1 9 6 12 7 13 15 2 0 9 3 13 6 2 12 3 15 6 0 12 9 15 13 0 2 15 3
5 5 13

3 0 4 1 8 2 9 5 10 6 12 7 13 11 14 15 0 3 9 4 11 7 0 8 4 14 14 13 14 7 7 11
9 9 15 5 6 3 15 5 5

1 0 3 2 4 6 5 7 10 8 3 9 5 11 11 13 13 14 14 4 13 6 14 8 13 9 14 9 9 11 11 3
5 5 6 8 8

1 0 4 2 6 5 7 9 8 11 10 14 13 1 4 2 7 11 9 14 13 1 14 2 1 4 2 7 14 11 11
6 10 10 6 7 13 13

1 4 2 5 6 10 7 11 8 13 9 1 14 2 4 6 7 8 9 11 10 13 13 14 14 2 2 4 13 6 14
0 15 9

0 3 1 4 2 5 7 6 9 8 13 10 14 11 0 12 1 3 2 4 5 10 7 14 11 4 12 11 4
10 10 9

0 1 3 2 5 4 8 6 9 7 10 11 13 14 2 15 4 1 5 6 7 9 8 10 11 14 13 15 4 13 13 8
5 5 6 7 10 14 14 9 8 1 1

2 0 3 1 4 7 5 8 6 11 9 12 10 13 15 14 1 6 2 7 4 8 10 9 13 4 14 10 2 2 14 4
3 0 3 3 6 8 8 5 5 7 7 1 9

2 1 4 5 6 8 7 9 11 10 13 1 14 4 2 8 5 11 7 13 10 14 1 7 1 8 7 11 8 13 13
15 0 5 2 2 6 6

2 1 4 5 6 8 7 9 11 10 13 1 14 4 2 8 6 11 7 13 10 14 1 7 1 8 7 11 8 13 13
15 0 6 2 2 5 5

1 2 7 4 8 5 10 6 2 9 5 11 7 13 8 14 11 1 13 4 14 6 4 9 4 10 10 2 2 7 7 14
8 8 9

4 1 6 2 7 5 8 11 9 13 10 2 14 7 1 8 4 11 5 13 9 14 1 4 11 13 4 14 13 1 14
12 9 9 6 5 6 6

4 1 6 2 7 5 8 11 9 13 10 2 14 7 1 8 4 11 6 13 9 14 1 4 11 13 4 14 13 1 14
12 6 6 9 9

