0 2 1 3 4 7 6 8 15 9 1 12 2 13 3 0 9 6 12 8 3 15 9 0 12 1 15 2 2 6 3 8 8 0 15
10 11 10 10 12 10 6 11 9 7 7 7 14 1 13 13 13 14 14 14 4 4 4 11 11 5 5

0 2 1 3 4 7 6 8 15 9 1 12 2 14 3 0 9 6 12 8 3 15 9 0 12 1 15 2 2 6 3 8 8 0 15
10 11 10 10 12 11 10 13 1 7 7 7 6 9 14 14 14 13 13 13 4 4 4 11 11 5 5

1 0 3 4 7 15 8 3 11 4 12 7 13 8 14 12 0 13 15 14 0 8 3 12 4 13 7 15 14 3 0 4 12 7 15
9 10 9 13 14 9 10 11 2 11 11 10 8 10 9 1 1 2 2 5 5 1 2 5 5 6 6

2 0 3 1 8 4 10 7 12 11 13 14 3 15 4 0 8 1 12 2 15 7 0 13 1 3 2 4 12 7 0 8 7 15 15 12
6 9 9 6 3 6 10 11 11 11 13 2 9 6 8 14 1 4 9 13 5 14 14 10 10 5 5

2 0 3 1 8 4 12 7 13 11 3 15 4 0 8 1 12 2 15 7 0 13 1 3 2 4 12 7 13 8 0 15 7 2 15 12
6 9 10 14 9 6 3 6 10 11 11 11 9 10 10 14 14 8 1 4 6 9 14 13 5 5 5

0 2 1 3 4 5 8 11 9 12 15 13 0 14 2 1 11 3 14 4 15 8 2 12 3 0 12 1 14 8 15 11 0 3 12 15
9 9 8 11 2 10 6 14 5 10 10 5 1 5 9 7 7 10 4 4 6 6 6 7 7 13 13

2 0 3 1 5 7 8 13 11 1 12 12 15 15 0 0 3 3 5 12 7 7 8 8 13 13 1 15 5 0 12 5 15
9 10 14 10 9 9 8 10 10 7 4 2 3 2 2 1 4 4 4 9 13 6 6 6 6 11 11

0 2 5 3 10 4 11 6 12 14 3 15 15 0 0 2 2 4 4 11 11 12 0 14 14 3 3 12 11 15 12 4 15
6 10 10 14 9 13 13 6 9 1 1 5 5 7 5 6 7 7 7 2 10 1 1 13 13 9 9

