2 0 3 1 4 7 8 14 10 15 12 0 1 7 2 8 3 15 10 0 12 1 14 2 3 7 8 12 10 14 15 3 0 10 1 14 7 15 12
9 8 5 13 5 5 9 9 11 11 11 6 6 4 2 5 13 4 4 13 11 13 9 6 6

2 0 5 1 10 3 12 4 14 6 15 13 0 2 1 4 3 10 6 13 12 14 15 0 1 2 13 3 14 12 0 15 12 3 15
4 4 10 14 13 8 11 11 6 9 9 9 2 11 1 11 10 6 9 7 7 7 7 5 5

2 0 5 1 8 3 9 4 13 12 0 14 1 15 2 3 5 4 9 13 12 14 15 0 2 5 3 9 4 12 13 15 0 2 12 3 15
11 7 11 6 4 11 11 6 6 13 1 8 1 8 8 5 9 6 7 7 7 14 14 10 10

2 0 5 1 6 3 8 4 9 12 13 14 0 15 1 3 2 13 5 14 9 0 12 5 15 9 2 12 3 15 13 2 0 3 12 5 15
11 7 4 4 14 14 13 1 1 9 4 6 6 6 8 8 7 7 11 8 11 11 7 10 10

2 0 5 1 7 3 8 4 9 12 13 14 0 15 1 3 2 13 5 14 9 0 12 5 15 9 2 12 3 15 13 2 0 3 12 5 15
11 14 14 7 8 6 7 11 8 6 4 4 6 1 11 1 8 4 11 7 13 6 9 10 10

2 0 5 1 8 3 9 4 13 12 0 14 1 15 2 3 5 13 9 14 12 0 15 5 2 9 3 12 13 15 14 2 0 3 12 5 15
11 7 14 7 8 6 7 11 8 6 4 4 6 1 11 1 8 4 11 7 13 6 9 10 10

2 0 5 1 6 3 8 4 9 12 13 14 0 15 1 3 2 13 5 14 9 0 12 5 15 9 2 12 3 15 13 2 0 3 12 9 15
11 7 4 13 11 11 11 14 14 4 1 6 6 8 8 8 4 1 7 7 7 5 6 10 10

1 0 3 2 4 10 5 12 14 13 0 15 10 2 12 3 14 4 2 5 4 13 5 15 12 0 13 3 0 10 3 14 4 5 12
7 1 14 2 8 7 11 9 7 9 9 8 11 11 7 11 13 9 10 8 8 1 1 15 15

1 0 3 2 4 10 5 12 14 13 0 15 10 2 12 3 14 4 2 5 4 13 5 15 12 0 13 3 0 10 3 14 4 10 12
7 1 14 2 8 7 11 9 7 7 8 9 9 9 11 11 11 13 5 8 8 1 1 15 15

0 1 3 10 5 11 7 12 8 0 9 3 14 7 15 9 1 14 5 15 10 3 11 5 12 7 0 10 9 15 11 0 12 3 14 9 15 11
4 6 7 12 8 8 8 1 1 4 2 4 2 2 13 13 13 2 4 14 5 10 13 6 6

0 1 2 3 4 7 5 8 10 14 11 15 12 0 2 3 7 11 8 14 10 15 12 3 0 8 7 10 12 11 15 0 3 12 15
14 14 2 11 7 5 4 5 5 8 4 4 13 1 2 10 9 1 1 6 13 13 13 9 9

0 3 2 7 4 8 6 9 11 12 0 15 2 4 3 8 6 9 11 15 12 0 6 2 8 3 9 4 0 12 3 15 4 6 12 8 15
14 13 11 14 7 7 13 11 7 10 10 10 2 14 14 10 9 13 13 1 1 1 1 5 5

0 2 3 4 5 7 6 10 8 12 11 0 13 3 15 6 2 7 4 11 8 12 15 13 0 3 2 4 6 8 7 12 11 0 15 2 3 15 12
9 9 9 13 4 6 9 13 11 8 7 10 5 5 10 10 5 1 1 1 1 14 14 14 14

0 1 2 3 4 6 5 8 12 14 13 15 3 0 4 13 5 15 6 3 8 4 12 6 14 8 0 12 13 14 3 15 8 0 12 4 15
5 13 14 11 2 2 1 1 6 5 1 9 9 9 11 2 11 7 7 7 11 7 9 10 10

0 1 2 3 4 6 12 8 14 11 15 13 3 0 8 2 11 4 12 15 13 8 14 11 0 13 2 14 3 15 4 0 12 2 8 3 15 12
9 9 10 5 9 5 10 10 11 5 5 4 7 7 6 6 10 9 6 7 7 13 14 1 1

0 1 2 3 4 6 12 8 14 11 15 13 3 0 8 2 11 4 12 15 13 8 14 11 0 13 2 14 3 15 4 0 12 2 13 3 15 12
9 4 8 9 10 5 9 5 10 5 5 10 11 7 6 6 10 9 6 7 7 7 14 1 1

0 1 2 3 4 6 12 8 14 11 15 13 3 0 8 2 11 4 12 15 13 8 14 11 0 13 2 14 3 15 4 0 12 2 14 3 15 12
9 4 8 9 9 7 11 9 5 10 5 5 6 6 6 7 7 7 13 5 10 10 10 1 1

0 2 3 8 4 9 5 14 12 15 13 3 0 5 2 8 4 12 9 13 14 0 15 2 4 3 9 8 12 14 2 15 3 0 8 4 15 12
6 7 5 11 10 10 10 7 13 7 7 1 14 10 5 11 11 11 6 6 9 13 6 1 1

1 0 2 4 3 8 5 10 7 14 12 15 0 2 1 4 3 5 12 8 2 14 4 15 5 0 8 1 12 3 14 15 3 0 8 12 15
9 11 9 10 9 9 7 10 7 4 1 7 2 10 14 5 11 11 11 13 13 13 13 6 6

1 0 2 4 3 8 5 11 7 14 12 15 0 2 1 4 3 5 12 8 2 14 4 15 5 0 8 1 12 3 14 15 3 0 8 12 15
9 10 9 10 9 9 7 10 10 7 7 4 11 11 11 2 1 14 5 13 13 13 13 6 6

1 0 3 2 5 6 7 10 8 13 9 15 11 3 12 5 14 7 0 8 1 15 2 1 9 2 10 7 11 8 12 12 0 0 3 3 11 11 12
2 1 9 6 14 5 10 6 14 10 13 13 6 8 7 5 9 4 13 4 14 4 4 15 15

