0 5 3 12 4 15 7 15 8 8 9 9 13 13 14 8 0 0 3 3 5 5 14 14 13 0 8 3
1 2 9 13 11 10 10

0 1 3 4 8 6 14 12 0 15 1 12 3 15 4 0 12 1 15 3 0 4 3 1 4 15 12
5 7 13 9 13 14 14

0 1 3 7 4 12 6 15 1 0 12 3 15 4 0 7 1 1 3 3 4 4 7 7 15 15 0
13 14 9 5 6 5 5

0 1 3 2 4 5 6 7 10 12 14 15 0 1 2 5 3 15 4 3 14 14 1 1 2 2 15 3
10 6 10 10 5 0 0

0 1 3 4 8 5 11 12 14 15 0 3 4 12 5 14 8 15 11 0 4 8 12 11 15 14 0 12
9 10 9 10 10 11 15

0 2 3 6 5 12 7 15 8 0 10 8 2 0 3 2 6 3 12 6 8 12 3 0 6 8 12
14 13 10 2 5 15 5

0 2 3 6 5 12 7 15 8 0 13 8 2 0 3 2 6 3 12 6 8 12 3 0 6 8 12
14 10 10 2 5 15 5

0 1 3 2 4 8 11 10 14 12 0 15 1 2 11 10 2 12 10 14 12 15 14 0 15 0 15 12
11 11 7 7 5 6 5

0 1 3 2 4 9 11 10 14 12 0 15 1 2 11 10 2 12 10 14 12 15 14 0 15 0 15 12
11 11 7 7 5 6 5

0 1 3 2 4 10 11 12 14 15 0 2 1 4 11 10 2 12 10 14 12 15 14 0 15 0 15 12
11 11 7 7 5 6 5

0 1 3 2 4 10 11 12 14 15 0 2 1 10 11 12 2 14 10 15 12 0 14 1 15 0 15 12
11 11 7 7 5 6 5

0 1 3 2 4 10 11 12 14 15 0 2 1 10 11 12 2 14 10 15 12 0 14 0 15 2 15 12
11 11 7 7 5 6 5

0 1 3 2 4 10 11 12 14 15 0 2 1 10 11 12 2 14 10 15 12 0 14 0 15 10 15 12
11 11 7 7 5 6 5

0 1 3 2 4 10 11 12 14 15 0 2 1 10 11 12 2 14 10 15 12 0 14 0 15 12 15 14
11 11 7 7 5 6 5

0 1 3 12 4 15 7 0 8 1 14 3 4 7 0 12 1 14 3 15 7 4 12 12 14 14 15 15
6 5 10 2 2 2 0

0 1 3 2 6 4 7 10 0 11 2 12 4 15 6 0 10 2 12 6 15 10 4 12 0 15 12
13 14 14 14 9 5 8

0 1 3 2 6 4 0 10 2 11 4 12 6 15 10 0 11 2 12 6 15 10 4 12 0 15 12
13 14 14 14 9 5 8

0 1 3 2 6 4 0 10 2 11 4 12 6 15 10 0 12 2 15 6 4 10 0 12 2 15 12
13 14 14 14 9 5 8

0 1 3 2 6 4 0 10 2 11 4 12 6 15 10 0 12 2 15 6 4 10 0 12 4 15 12
13 14 14 14 9 5 8

0 1 3 2 6 4 0 10 2 11 4 12 6 15 10 0 12 2 15 6 4 10 0 12 6 15 12
13 14 14 14 9 5 8

0 1 3 2 6 4 0 10 2 11 4 12 6 15 10 0 12 2 15 6 4 10 0 12 10 15 12
13 14 14 14 9 5 8

0 1 3 2 6 4 0 10 2 11 4 12 6 15 10 0 12 2 15 6 4 10 0 12 12 15 15
13 14 14 14 9 5 8

0 1 3 12 5 15 7 0 8 5 13 8 14 12 3 14 7 0 15 7 12 0 14 12 15 14 7 15
11 11 10 9 6 2 4

0 2 3 12 7 15 8 0 11 2 13 7 3 8 0 12 8 13 12 15 13 3 15 7 12 0 13 15
9 10 5 1 6 4 4

0 2 3 12 7 15 8 0 11 7 13 8 3 12 0 13 8 15 12 3 13 7 15 0 12 7 13 15
9 10 5 1 6 4 4

0 2 3 12 7 15 8 0 11 7 13 8 3 12 0 13 8 15 12 3 13 7 15 0 12 8 13 15
9 10 5 1 6 4 4

0 1 3 12 4 15 5 0 14 4 3 5 0 12 4 14 5 15 12 3 15 14 0 3 5 12 15 14
6 7 2 10 10 10 10

0 7 3 12 4 15 5 0 14 4 3 5 0 12 4 14 5 15 12 3 15 14 0 3 5 12 15 14
2 1 6 10 10 10 10

0 8 3 10 4 12 9 15 11 3 0 4 8 9 3 10 9 11 11 12 11 15 15 0 0 4 15 3
1 2 13 5 10 5 8

0 4 3 7 8 10 11 12 13 15 3 0 4 8 7 12 10 15 12 3 15 7 3 10 7 12 15
6 5 2 14 14 13 13

0 2 3 4 5 8 7 12 0 15 2 12 3 0 7 2 8 3 15 7 12 2 15 3 0 12 15
14 13 10 6 9 11 11

0 2 3 4 7 8 0 12 2 15 3 12 4 0 7 2 8 3 15 7 12 2 15 3 0 12 15
14 13 10 6 9 11 11

0 2 3 4 7 8 0 12 2 15 3 12 7 0 8 2 15 3 8 7 12 2 15 3 0 12 15
14 13 10 6 9 11 11

0 2 3 4 7 8 0 12 2 15 3 12 7 0 8 2 15 3 12 7 15 2 0 3 7 12 15
14 13 10 6 9 11 11

0 1 3 2 4 11 5 12 0 15 3 1 4 12 5 0 11 3 15 5 1 11 12 15 11 3 12
14 13 6 10 10 10 0

0 3 1 8 7 15 12 0 13 7 1 13 3 0 12 1 15 3 12 7 13 15 3 0 15 12
5 9 4 6 9 6 6

0 3 1 9 7 15 12 0 13 7 1 13 3 0 12 1 15 3 12 7 13 15 3 0 15 12
4 8 5 6 9 6 6

0 3 6 4 14 9 15 11 3 12 6 0 14 9 9 15 15 12 15 0 0 6 6 12 12 14 14
10 8 4 8 4 8 4

0 3 6 4 14 9 15 11 3 12 6 0 14 9 9 12 9 15 15 0 0 6 15 12 12 14 14
10 8 4 8 4 8 4

