1 0 2 5 3 12 4 14 13 2 15 3 0 4 1 5 0 12 4 14 5 15 15 2 15 3 3 12 12
13

0 2 1 5 3 8 4 9 6 11 12 13 14 15 3 0 12 6 14 11 15 13 13 11 11 12 12
10

0 2 1 5 3 8 6 9 7 11 12 13 14 15 3 0 12 6 14 11 15 13 13 11 11 12 12
10

0 2 1 5 3 8 6 9 12 11 14 13 1 15 3 0 12 6 14 11 15 13 13 11 11 12 12
10

0 2 1 5 3 8 6 9 12 11 14 13 2 15 3 0 12 6 14 11 15 13 13 11 11 12 12
10

0 2 1 5 3 8 6 9 12 11 14 13 3 15 5 0 12 6 14 11 15 13 13 11 11 12 12
10

0 2 1 5 3 8 6 9 12 11 14 13 3 15 8 0 12 6 14 11 15 13 13 11 11 12 12
10

0 2 1 5 3 8 6 9 12 11 14 13 3 15 9 0 12 6 14 11 15 13 13 11 11 12 12
10

0 2 1 5 3 8 6 9 12 11 14 13 3 15 12 0 14 6 15 11 0 13 13 11 11 12 12
10

0 2 1 5 3 8 6 9 12 11 14 13 3 15 12 0 14 6 15 11 3 13 13 11 11 12 12
10

0 2 1 5 3 8 6 9 12 11 14 13 3 15 12 0 14 6 15 11 6 13 13 11 11 12 12
10

0 2 1 5 3 8 6 9 12 11 14 13 3 15 12 0 14 6 15 11 14 13 13 11 11 12 12
10

0 2 1 5 3 8 6 9 12 11 14 13 3 15 12 0 14 6 15 11 15 13 13 11 11 12 12
10

0 2 1 5 3 8 6 9 12 11 14 13 3 15 12 0 14 6 15 13 13 11 13 11 11 12 12
10

0 2 1 5 3 9 4 10 6 11 12 13 14 15 3 0 12 6 14 11 15 13 13 11 11 12 12
8

0 2 1 5 3 9 6 10 7 11 12 13 14 15 3 0 12 6 14 11 15 13 13 11 11 12 12
8

0 2 1 5 3 9 6 10 12 11 14 13 1 15 3 0 12 6 14 11 15 13 13 11 11 12 12
8

0 2 1 5 3 9 6 10 12 11 14 13 2 15 3 0 12 6 14 11 15 13 13 11 11 12 12
8

0 2 1 5 3 9 6 10 12 11 14 13 3 15 5 0 12 6 14 11 15 13 13 11 11 12 12
8

0 2 1 5 3 9 6 10 12 11 14 13 3 15 9 0 12 6 14 11 15 13 13 11 11 12 12
8

0 2 1 5 3 9 6 10 12 11 14 13 3 15 10 0 12 6 14 11 15 13 13 11 11 12 12
8

0 2 1 5 3 9 6 10 12 11 14 13 3 15 12 0 14 6 15 11 0 13 13 11 11 12 12
8

0 2 1 5 3 9 6 10 12 11 14 13 3 15 12 0 14 6 15 11 3 13 13 11 11 12 12
8

0 2 1 5 3 9 6 10 12 11 14 13 3 15 12 0 14 6 15 11 6 13 13 11 11 12 12
8

0 2 1 5 3 9 6 10 12 11 14 13 3 15 12 0 14 6 15 11 14 13 13 11 11 12 12
8

0 2 1 5 3 9 6 10 12 11 14 13 3 15 12 0 14 6 15 11 15 13 13 11 11 12 12
8

0 2 1 5 3 9 6 10 12 11 14 13 3 15 12 0 14 6 15 13 13 11 13 11 11 12 12
8

0 2 1 4 3 14 12 0 13 1 15 3 2 12 13 14 2 15 13 0 0 3 3 12 12 1
13

0 2 1 5 3 14 12 0 13 1 15 3 2 12 13 14 2 15 13 0 0 3 3 12 12 1
13

0 2 1 6 3 14 12 0 13 1 15 3 2 12 13 14 2 15 13 0 0 3 3 12 12 1
13

0 2 1 6 3 14 4 0 12 1 13 3 15 12 2 14 13 15 2 0 13 1 0 3 3 12 12
10

0 2 1 6 3 14 5 0 12 1 13 3 15 12 2 14 13 15 2 0 13 1 0 3 3 12 12
10

0 2 1 6 3 14 7 0 12 1 13 3 15 12 2 14 13 15 2 0 13 1 0 3 3 12 12
10

0 2 1 6 3 14 8 0 12 1 13 3 15 12 2 14 13 15 2 0 13 1 0 3 3 12 12
10

0 2 1 6 3 14 9 0 12 1 13 3 15 12 2 14 13 15 2 0 13 1 0 3 3 12 12
10

0 2 1 6 3 14 11 0 12 1 13 3 15 12 2 14 13 15 2 0 13 1 0 3 3 12 12
10

0 2 1 6 3 14 12 0 13 1 15 3 2 12 6 14 13 15 2 0 13 1 0 3 3 12 12
10

0 2 1 6 3 14 12 0 13 1 15 3 2 12 13 14 2 15 13 0 14 1 0 3 3 12 12
10

0 2 1 6 3 14 12 0 13 1 15 3 2 12 13 14 2 15 13 0 15 1 0 3 3 12 12
10

0 2 1 6 3 14 12 0 13 1 15 3 2 12 13 14 2 15 13 0 0 1 1 3 3 12 12
10

0 2 1 6 3 14 12 0 13 1 15 3 2 12 13 14 2 15 13 0 0 1 2 3 3 12 12
10

0 2 1 7 3 14 12 0 13 1 15 3 2 12 13 14 2 15 13 0 0 3 3 12 12 1
13

0 2 1 8 3 14 12 0 13 1 15 3 2 12 13 14 2 15 13 0 0 3 3 12 12 1
13

0 2 1 9 3 14 12 0 13 1 15 3 2 12 13 14 2 15 13 0 0 3 3 12 12 1
13

0 2 1 10 3 14 12 0 13 1 15 3 2 12 13 14 2 15 13 0 0 3 3 12 12 1
13

0 2 1 10 3 14 4 0 12 1 13 3 15 12 2 14 13 15 2 0 13 1 0 3 3 12 12
6

0 2 1 10 3 14 5 0 12 1 13 3 15 12 2 14 13 15 2 0 13 1 0 3 3 12 12
6

0 2 1 10 3 14 7 0 12 1 13 3 15 12 2 14 13 15 2 0 13 1 0 3 3 12 12
6

0 2 1 10 3 14 8 0 12 1 13 3 15 12 2 14 13 15 2 0 13 1 0 3 3 12 12
6

0 2 1 10 3 14 9 0 12 1 13 3 15 12 2 14 13 15 2 0 13 1 0 3 3 12 12
6

0 2 1 10 3 14 11 0 12 1 13 3 15 12 2 14 13 15 2 0 13 1 0 3 3 12 12
6

0 2 1 10 3 14 12 0 13 1 15 3 2 12 10 14 13 15 2 0 13 1 0 3 3 12 12
6

0 2 1 10 3 14 12 0 13 1 15 3 2 12 13 14 2 15 13 0 14 1 0 3 3 12 12
6

0 2 1 10 3 14 12 0 13 1 15 3 2 12 13 14 2 15 13 0 15 1 0 3 3 12 12
6

0 2 1 10 3 14 12 0 13 1 15 3 2 12 13 14 2 15 13 0 0 1 1 3 3 12 12
6

0 2 1 10 3 14 12 0 13 1 15 3 2 12 13 14 2 15 13 0 0 1 2 3 3 12 12
6

0 2 1 11 3 14 12 0 13 1 15 3 2 12 13 14 2 15 13 0 0 3 3 12 12 1
13

0 2 1 14 3 0 12 1 13 3 15 12 2 14 13 15 2 0 13 1 0 3 3 12 12 14
13

0 2 1 14 3 0 4 1 12 3 13 12 15 14 2 15 13 0 2 1 13 3 0 12 3 14 12
14

0 2 1 14 3 0 5 1 12 3 13 12 15 14 2 15 13 0 2 1 13 3 0 12 3 14 12
14

0 2 1 14 3 0 6 1 12 3 13 12 15 14 2 15 13 0 2 1 13 3 0 12 3 14 12
14

0 2 1 14 3 0 7 1 12 3 13 12 15 14 2 15 13 0 2 1 13 3 0 12 3 14 12
14

0 2 1 14 3 0 8 1 12 3 13 12 15 14 2 15 13 0 2 1 13 3 0 12 3 14 12
14

0 2 1 14 3 0 9 1 12 3 13 12 15 14 2 15 13 0 2 1 13 3 0 12 3 14 12
14

0 2 1 14 3 0 10 1 12 3 13 12 15 14 2 15 13 0 2 1 13 3 0 12 3 14 12
14

0 2 1 14 3 0 11 1 12 3 13 12 15 14 2 15 13 0 2 1 13 3 0 12 3 14 12
14

0 2 1 14 3 0 12 1 13 3 15 12 2 14 13 15 2 0 13 1 15 3 0 12 3 14 12
14

0 2 1 14 3 0 12 1 13 3 15 12 2 14 13 15 2 0 13 1 0 3 1 12 3 14 12
14

0 2 1 14 3 0 12 1 13 3 15 12 2 14 13 15 2 0 13 1 0 3 2 12 3 14 12
14

0 2 1 14 3 0 12 1 13 3 15 12 2 14 13 15 2 0 13 1 0 3 3 12 12 15
13

0 2 1 4 3 9 5 12 13 15 1 0 5 2 9 3 15 12 3 13 9 0 13 2 2 5 3 12 12 15
13

0 2 1 7 3 9 5 12 13 15 1 0 5 2 9 3 15 12 3 13 9 0 13 2 2 5 3 12 12 15
13

0 2 1 8 3 9 5 12 13 15 1 0 5 2 9 3 15 12 3 13 9 0 13 2 2 5 3 12 12 15
13

0 2 1 9 3 10 5 12 13 15 1 0 5 2 9 3 15 12 3 13 9 0 13 2 2 5 3 12 12 15
13

0 2 1 9 3 10 5 12 13 15 1 0 5 2 9 3 10 12 15 13 3 0 9 2 13 5 2 12 3 15 12
10

0 2 1 9 3 11 5 12 13 15 1 0 5 2 9 3 15 12 3 13 9 0 13 2 2 5 3 12 12 15
13

0 2 1 9 3 12 5 14 13 15 1 0 5 2 9 3 15 12 3 13 9 0 13 2 2 5 3 12 12 15
13

0 2 1 9 3 12 5 15 13 0 1 2 5 3 9 12 15 13 3 0 9 1 13 2 2 5 3 12 12 15
13

1 0 6 2 11 3 14 4 15 9 1 12 6 0 12 3 15 9 3 11 9 1 3 6 6 12 12 15 15 11
9

1 0 6 2 11 3 14 4 15 9 1 12 6 0 12 3 15 9 3 11 9 1 3 6 9 12 12 15 15 11
6

1 0 6 2 11 3 14 5 15 9 1 12 6 0 12 3 15 9 3 11 9 1 3 6 6 12 12 15 15 11
9

1 0 6 2 11 3 14 5 15 9 1 12 6 0 12 3 15 9 3 11 9 1 3 6 9 12 12 15 15 11
6

1 0 6 2 11 3 14 7 15 9 1 12 6 0 12 3 15 9 3 11 9 1 3 6 6 12 12 15 15 11
9

1 0 6 2 11 3 14 7 15 9 1 12 6 0 12 3 15 9 3 11 9 1 3 6 9 12 12 15 15 11
6

1 0 6 2 11 3 14 8 15 9 1 12 6 0 12 3 15 9 3 11 9 1 3 6 6 12 12 15 15 11
9

1 0 6 2 11 3 14 8 15 9 1 12 6 0 12 3 15 9 3 11 9 1 3 6 9 12 12 15 15 11
6

1 0 6 2 11 3 14 9 15 10 1 12 6 0 12 3 15 9 3 11 9 1 3 6 6 12 12 15 15 11
9

1 0 6 2 11 3 14 9 15 10 1 12 6 0 12 3 15 9 3 11 9 1 3 6 9 12 12 15 15 11
6

1 0 6 2 11 3 14 9 15 12 1 13 6 0 12 3 14 9 15 11 3 1 9 6 3 12 12 15 15 11
13

0 1 2 3 4 5 7 6 12 13 14 5 15 7 3 12 6 13 14 3 7 5 3 12 5 13 13
9

0 1 2 3 7 5 8 6 12 13 14 5 15 7 3 12 6 13 14 3 7 5 3 12 5 13 13
9

0 1 2 3 7 5 10 6 12 13 14 5 15 7 3 12 6 13 14 3 7 5 3 12 5 13 13
9

0 1 2 3 7 5 11 6 12 13 14 5 15 7 3 12 6 13 14 3 7 5 3 12 5 13 13
9

0 1 2 3 7 5 12 6 14 13 15 5 0 7 3 12 6 13 14 3 7 5 3 12 5 13 13
9

0 1 2 3 7 5 12 6 14 13 15 5 1 7 3 12 6 13 14 3 7 5 3 12 5 13 13
9

0 1 2 3 7 5 12 6 14 13 15 5 2 7 3 12 6 13 14 3 7 5 3 12 5 13 13
9

0 1 2 3 7 5 12 6 14 13 15 5 3 7 6 12 14 13 15 3 7 5 3 12 5 13 13
9

0 1 2 3 7 5 12 6 14 13 15 5 3 7 6 12 14 13 6 3 7 5 3 12 5 13 13
9

0 1 2 3 7 5 12 6 14 13 15 5 3 7 6 12 14 13 7 3 14 5 3 12 5 13 13
9

0 1 2 3 7 5 12 6 14 13 15 5 3 7 6 12 14 13 7 3 3 5 5 12 7 13 13
9

0 1 2 3 7 5 12 6 14 13 15 5 3 7 6 12 14 13 7 3 3 5 5 12 12 13 13
9

0 1 2 3 5 6 14 10 15 12 0 3 1 5 10 14 12 15 10 1 12 3 3 14 12 15 15
9

0 1 4 3 5 6 14 10 15 12 0 3 1 5 10 14 12 15 10 1 12 3 3 14 12 15 15
9

0 1 5 3 7 6 14 10 15 12 0 3 1 5 10 14 12 15 10 1 12 3 3 14 12 15 15
9

0 1 5 3 8 6 14 10 15 12 0 3 1 5 10 14 12 15 10 1 12 3 3 14 12 15 15
9

0 1 5 3 11 6 14 10 15 12 0 3 1 5 10 14 12 15 10 1 12 3 3 14 12 15 15
9

0 1 5 3 13 6 14 10 15 12 0 3 1 5 10 14 12 15 10 1 12 3 3 14 12 15 15
9

0 1 5 3 14 6 15 10 0 12 1 3 6 5 10 14 12 15 10 1 12 3 3 14 12 15 15
9

0 1 5 3 14 6 15 10 0 12 1 3 10 5 12 14 0 15 10 1 12 3 3 14 12 15 15
9

0 1 5 3 14 6 15 10 0 12 1 3 10 5 12 14 5 15 10 1 12 3 3 14 12 15 15
9

0 1 5 3 14 6 15 10 0 12 1 3 10 5 12 14 10 15 12 1 1 3 3 14 12 15 15
9

0 1 5 3 14 6 15 10 0 12 1 3 10 5 12 14 10 15 12 1 10 3 3 14 12 15 15
9

0 1 5 3 14 6 15 10 0 12 1 3 10 5 12 14 10 15 12 1 12 3 3 14 14 15 15
9

0 2 1 3 4 5 7 8 9 10 12 15 13 4 14 7 0 9 1 12 3 14 4 0 9 7
2

0 2 1 3 4 5 7 8 9 10 12 15 13 4 14 7 0 9 1 12 8 14 4 0 9 7
0

0 2 1 3 4 5 7 8 9 10 12 15 13 4 14 7 0 9 1 12 1 14 4 0 9 7
1

0 2 1 3 4 5 7 8 9 10 12 15 13 4 14 7 0 9 1 12 4 14 9 0 0 7
8

0 3 1 5 4 6 7 8 9 10 12 15 13 4 14 7 0 9 1 12 8 14 4 0 9 7
0

0 3 1 5 4 6 7 8 9 10 12 15 13 4 14 7 0 9 1 12 1 14 4 0 9 7
1

0 3 1 5 4 6 7 8 9 10 12 15 13 4 14 7 0 9 1 12 4 14 9 0 0 7
8

0 3 1 5 4 8 7 10 9 11 12 15 13 4 14 7 0 9 1 12 8 14 4 0 9 7
0

0 3 1 5 4 8 7 10 9 11 12 15 13 4 14 7 0 9 1 12 1 14 4 0 9 7
1

0 3 1 5 4 8 7 10 9 11 12 15 13 4 14 7 0 9 1 12 4 14 9 0 0 7
8

0 3 1 5 4 8 7 10 9 15 12 3 13 4 14 7 0 9 1 12 8 14 4 0 9 7
0

0 3 1 5 4 8 7 10 9 15 12 3 13 4 14 7 0 9 1 12 1 14 4 0 9 7
1

0 3 1 5 4 8 7 10 9 15 12 3 13 4 14 7 0 9 1 12 4 14 9 0 0 7
8

0 3 1 5 4 8 7 10 9 15 12 4 13 5 14 7 0 9 1 12 8 14 4 0 9 7
0

1 0 3 10 5 14 7 15 12 0 13 12 1 14 3 15 5 0 5 1 12 14 0 15 12 1 14 5 15
13

1 0 3 2 4 10 5 14 7 15 12 0 1 12 3 14 5 15 5 0 12 1 0 14 12 15 14 1 15 5
6

1 0 3 2 5 10 7 14 12 15 13 0 1 12 3 14 5 15 5 0 12 1 0 14 12 15 14 1 15 5
9

1 0 3 2 5 10 7 14 12 15 1 0 3 12 5 14 3 15 5 0 12 1 0 14 12 15 14 1 15 5
3

1 0 3 4 5 10 6 14 7 15 12 0 1 12 3 14 5 15 5 0 12 1 0 14 12 15 14 1 15 5
9

1 0 3 4 5 10 7 14 12 15 13 0 1 12 3 14 5 15 5 0 12 1 0 14 12 15 14 1 15 5
9

1 0 3 4 5 10 7 14 12 15 1 0 3 12 5 14 3 15 5 0 12 1 0 14 12 15 14 1 15 5
3

1 0 3 6 5 10 7 14 9 15 12 0 1 12 3 14 5 15 5 0 12 1 0 14 12 15 14 1 15 5
13

1 0 3 6 5 10 7 14 12 15 13 0 1 12 3 14 5 15 5 0 12 1 0 14 12 15 14 1 15 5
9

1 0 3 6 5 10 7 14 12 15 1 0 3 12 5 14 3 15 5 0 12 1 0 14 12 15 14 1 15 5
3

1 0 3 8 4 10 5 14 7 15 12 0 1 12 3 14 5 15 5 0 12 1 0 14 12 15 14 1 15 5
6

1 0 3 8 5 10 7 14 12 15 13 0 1 12 3 14 5 15 5 0 12 1 0 14 12 15 14 1 15 5
9

0 2 1 3 6 4 7 9 10 11 14 12 2 15 3 0 10 6 15 9 0 12 3 14 12 9 14 10 9 0 12
14

1 0 4 2 5 3 7 6 8 0 10 1 12 3 15 4 5 10 15 0 1 3 10 4 0 5 3 15 15
2

1 0 4 2 5 3 7 6 9 0 10 1 12 3 15 4 5 10 15 0 1 3 10 4 0 5 3 15 15
2

1 0 4 2 5 3 7 6 10 0 11 1 12 3 15 4 5 10 15 0 1 3 10 4 0 5 3 15 15
2

1 0 4 2 5 3 7 6 10 0 12 1 13 3 15 4 5 10 15 0 1 3 10 4 0 5 3 15 15
2

1 0 4 2 5 3 7 6 10 0 12 1 14 3 15 4 5 10 15 0 1 3 10 4 0 5 3 15 15
2

1 0 4 2 5 3 7 6 10 0 12 1 15 3 5 4 6 10 15 0 1 3 10 4 0 5 3 15 15
2

1 0 4 2 5 3 7 6 10 0 12 1 15 3 5 4 7 10 15 0 1 3 10 4 0 5 3 15 15
2

1 0 4 2 5 3 7 6 10 0 12 1 15 3 5 4 12 10 15 0 1 3 10 4 0 5 3 15 15
2

1 0 4 2 5 3 7 6 10 0 12 1 15 3 5 4 15 10 1 0 10 3 0 4 1 5 3 15 15
2

1 0 4 2 5 3 7 6 10 0 12 1 15 3 5 4 15 10 1 0 10 3 0 4 3 5 4 15 15
2

1 0 4 2 5 3 7 6 10 0 12 1 15 3 5 4 15 10 1 0 10 3 0 4 3 5 5 15 15
2

1 0 4 2 5 3 7 6 10 0 12 1 15 3 5 4 15 10 1 0 10 3 0 4 3 5 10 15 15
2

1 0 2 3 4 6 5 8 7 0 10 1 12 3 15 4 5 10 15 0 1 3 10 4 0 5 3 15 15
2

1 0 2 4 3 6 5 10 9 15 12 1 0 2 3 5 4 10 1 12 10 0 12 2 0 3 3 4 12 5
13

1 0 2 4 3 6 5 10 12 15 13 1 0 2 3 5 4 10 1 12 10 0 12 2 0 3 3 4 12 5
9

1 0 2 4 3 6 5 10 12 15 0 1 3 2 4 5 1 10 10 12 12 0 0 2 1 3 3 4 12 5
2

1 0 2 4 3 6 5 10 12 15 0 1 3 2 4 5 1 10 10 12 12 0 0 2 2 3 3 4 12 5
1

1 0 2 4 3 7 5 10 6 15 12 1 0 2 3 5 4 10 1 12 10 0 12 2 0 3 3 4 12 5
9

1 0 2 4 3 7 5 10 12 15 13 1 0 2 3 5 4 10 1 12 10 0 12 2 0 3 3 4 12 5
9

1 0 2 4 3 7 5 10 12 15 0 1 3 2 4 5 1 10 10 12 12 0 0 2 1 3 3 4 12 5
2

1 0 2 4 3 7 5 10 12 15 0 1 3 2 4 5 1 10 10 12 12 0 0 2 2 3 3 4 12 5
1

1 0 2 4 3 8 5 10 6 15 12 1 0 2 3 5 4 10 1 12 10 0 12 2 0 3 3 4 12 5
9

1 0 2 4 3 8 5 10 12 15 13 1 0 2 3 5 4 10 1 12 10 0 12 2 0 3 3 4 12 5
9

0 2 1 7 3 8 4 9 6 10 11 14 12 0 15 2 4 12 9 14 11 15 12 0 15 2 0
2

0 2 3 7 4 8 5 9 6 10 11 14 12 0 15 2 4 12 9 14 11 15 12 0 15 2 0
2

0 2 3 7 4 8 6 9 11 10 12 14 15 0 3 2 4 12 9 14 11 15 12 0 15 2 0
2

0 2 3 7 4 8 6 9 11 10 12 14 15 0 4 2 6 12 9 14 11 15 12 0 15 2 0
2

0 2 3 7 4 8 6 9 11 10 12 14 15 0 4 2 7 12 9 14 11 15 12 0 15 2 0
2

0 2 3 7 4 8 6 9 11 10 12 14 15 0 4 2 8 12 9 14 11 15 12 0 15 2 0
2

0 2 3 7 4 8 6 9 11 10 12 14 15 0 4 2 9 12 10 14 11 15 12 0 15 2 0
2

0 2 3 7 4 8 6 9 11 10 12 14 15 0 4 2 9 12 11 14 4 15 12 0 15 2 0
2

0 2 3 7 4 8 6 9 11 10 12 14 15 0 4 2 9 12 11 14 9 15 12 0 15 2 0
2

0 2 3 7 4 8 6 9 11 10 12 14 15 0 4 2 9 12 11 14 11 15 12 0 15 2 0
2

0 2 3 7 4 8 6 9 11 10 12 14 15 0 4 2 9 12 11 14 12 15 14 0 15 2 0
2

0 2 3 7 4 8 6 9 11 10 12 14 15 0 4 2 9 12 11 14 12 15 15 0 0 2 12
2

0 2 3 7 4 8 6 9 11 10 12 14 15 0 4 2 9 12 11 14 12 15 15 0 0 2 15
2

0 1 3 2 4 7 6 8 11 9 12 10 15 14 4 0 9 2 10 12 11 14 12 15 15 0 0 2
8

0 1 3 2 4 7 6 8 11 9 12 10 15 14 4 0 9 2 11 12 11 14 12 15 15 0 0 2
11

0 2 3 5 4 7 6 8 11 9 12 10 15 14 4 0 9 2 10 12 11 14 12 15 15 0 0 2
8

0 2 3 5 4 7 6 8 11 9 12 10 15 14 4 0 9 2 11 12 11 14 12 15 15 0 0 2
11

0 2 3 7 4 8 6 9 11 10 12 13 15 14 4 0 9 2 10 12 11 14 12 15 15 0 0 2
8

0 2 3 7 4 8 6 9 11 10 12 13 15 14 4 0 9 2 11 12 11 14 12 15 15 0 0 2
11

0 2 3 7 4 8 6 9 11 10 12 14 15 0 4 2 9 3 10 12 11 14 12 15 15 0 0 2
8

0 2 3 7 4 8 6 9 11 10 12 14 15 0 4 2 9 3 11 12 11 14 12 15 15 0 0 2
11

0 2 3 7 4 8 6 9 11 10 12 14 15 0 4 2 9 6 10 12 11 14 12 15 15 0 0 2
8

0 2 3 7 4 8 6 9 11 10 12 14 15 0 4 2 9 6 11 12 11 14 12 15 15 0 0 2
11

0 2 3 7 4 8 6 9 11 10 12 14 15 0 4 2 9 7 10 12 11 14 12 15 15 0 0 2
8

0 2 3 7 4 8 6 9 11 10 12 14 15 0 4 2 9 7 11 12 11 14 12 15 15 0 0 2
11

0 2 3 7 4 8 6 9 11 10 12 14 15 0 4 2 9 8 11 12 4 14 12 15 15 0 0 2
4

0 2 3 7 4 8 6 9 11 10 12 14 15 0 4 2 9 8 11 12 11 14 12 15 15 0 0 2
11

0 2 3 7 4 8 6 9 11 10 12 14 15 0 4 2 9 8 11 12 12 14 12 15 15 0 0 2
8

0 2 3 7 4 8 6 9 11 10 12 14 15 0 4 2 8 10 9 12 11 14 12 15 15 0 0 2
4

0 2 3 7 4 8 6 9 11 10 12 14 15 0 4 2 9 10 11 12 11 14 12 15 15 0 0 2
11

0 2 3 7 4 8 6 9 11 10 12 14 15 0 4 2 8 12 9 14 11 15 12 0 15 2 0 4
10

0 2 3 7 4 8 6 9 11 10 12 14 15 0 4 2 9 12 10 14 11 15 12 0 15 2 0 4
8

0 2 3 7 4 8 6 9 11 10 12 14 15 0 4 2 9 12 11 14 11 15 12 0 15 2 0 4
11

0 2 3 7 4 8 6 9 11 10 12 14 15 0 4 2 9 12 10 14 11 15 12 0 15 2 0 9
8

0 2 3 7 4 8 6 9 11 10 12 14 15 0 4 2 9 12 11 14 11 15 12 0 15 2 0 9
11

0 2 3 7 4 8 6 9 11 10 12 14 15 0 4 2 9 12 10 14 11 15 12 0 15 2 0 10
8

0 2 3 7 4 8 6 9 11 10 12 14 15 0 4 2 9 12 10 14 11 15 12 0 15 2 0 11
8

0 2 3 7 4 8 6 9 11 10 12 14 15 0 4 2 9 12 10 14 11 15 12 0 15 2 0 14
8

0 2 3 7 4 8 6 9 11 10 12 14 15 0 4 2 9 12 11 14 11 15 12 0 15 2 0 14
11

0 5 1 12 3 14 7 15 11 0 13 3 11 5 12 7 13 15 14 11 0 12 3 13 5 14 0
15

0 5 2 12 3 14 7 15 11 0 13 3 11 5 12 7 13 15 14 11 0 12 3 13 5 14 0
15

0 5 3 12 4 14 7 15 11 0 13 3 11 5 12 7 13 15 14 11 0 12 3 13 5 14 0
15

0 5 3 12 6 14 7 15 11 0 13 3 11 5 12 7 13 15 14 11 0 12 3 13 5 14 0
15

0 5 3 12 7 14 8 15 11 0 13 3 11 5 12 7 13 15 14 11 0 12 3 13 5 14 0
15

0 5 3 12 7 14 9 15 11 0 13 3 11 5 12 7 13 15 14 11 0 12 3 13 5 14 0
15

0 5 3 12 7 14 11 15 13 0 11 3 12 5 13 7 14 15 0 11 3 12 5 13 7 14 0
15

0 5 3 12 7 14 11 15 13 0 11 3 12 5 13 7 14 15 0 11 3 12 5 13 0 14 3
15

0 5 3 12 7 14 11 15 13 0 11 3 12 5 13 7 14 15 0 11 3 12 5 13 0 14 5
15

0 5 3 12 7 14 11 15 13 0 11 3 12 5 13 7 14 15 0 11 3 12 5 13 0 14 11
15

0 5 3 12 7 14 11 15 13 0 11 3 12 5 13 7 14 15 0 11 3 12 5 13 0 14 12
15

0 5 3 12 7 14 11 15 13 0 11 3 12 5 13 7 14 15 0 11 3 12 5 13 0 14 13
15

0 5 3 12 7 14 11 15 13 0 11 3 12 5 13 7 14 15 0 11 3 12 5 13 0 14 14
15

0 4 1 5 3 12 7 14 11 15 13 0 11 3 12 5 13 7 14 15 0 11 3 12 5 13 0 14
2

0 4 2 5 3 12 7 14 11 15 13 0 11 3 12 5 13 7 14 15 0 11 3 12 5 13 0 14
1

0 5 1 6 3 12 7 14 11 15 13 0 11 3 12 5 13 7 14 15 0 11 3 12 5 13 0 14
2

0 5 2 6 3 12 7 14 11 15 13 0 11 3 12 5 13 7 14 15 0 11 3 12 5 13 0 14
1

0 5 1 8 3 12 7 14 11 15 13 0 11 3 12 5 13 7 14 15 0 11 3 12 5 13 0 14
2

0 5 2 8 3 12 7 14 11 15 13 0 11 3 12 5 13 7 14 15 0 11 3 12 5 13 0 14
1

0 5 1 9 3 12 7 14 11 15 13 0 11 3 12 5 13 7 14 15 0 11 3 12 5 13 0 14
2

0 5 2 9 3 12 7 14 11 15 13 0 11 3 12 5 13 7 14 15 0 11 3 12 5 13 0 14
1

0 5 1 10 3 12 7 14 11 15 13 0 11 3 12 5 13 7 14 15 0 11 3 12 5 13 0 14
2

0 5 2 10 3 12 7 14 11 15 13 0 11 3 12 5 13 7 14 15 0 11 3 12 5 13 0 14
1

0 5 1 12 3 14 7 15 11 0 13 1 11 3 12 5 13 7 14 15 0 11 3 12 5 13 0 14
2

0 5 2 12 3 14 7 15 11 0 13 2 11 3 12 5 13 7 14 15 0 11 3 12 5 13 0 14
1

0 5 1 12 3 14 7 15 11 0 13 3 11 5 12 7 13 15 14 7 0 11 3 12 5 13 0 14
2

0 5 2 12 3 14 7 15 11 0 13 3 11 5 12 7 13 15 14 7 0 11 3 12 5 13 0 14
1

2 0 5 1 7 3 12 10 2 13 3 15 5 0 10 1 12 15 1 0 0 3 3 5 5 12 12 15 15
10

0 1 8 2 11 3 12 4 13 5 15 6 0 10 2 1 3 5 4 8 0 10 4 15 10 1 1 3 3 0
14

0 1 8 2 11 3 12 4 14 5 15 6 0 10 2 1 3 5 4 8 0 10 4 15 10 1 1 3 3 0
13

0 1 8 2 11 3 12 4 15 5 0 6 2 10 3 1 4 5 0 8 4 10 5 15 10 1 1 3 3 0
15

0 1 8 2 11 3 12 4 15 5 0 6 2 10 3 1 4 5 0 8 4 10 10 15 15 1 1 3 3 0
5

0 1 8 2 11 3 12 4 13 5 15 7 0 10 2 1 3 5 4 8 0 10 4 15 10 1 1 3 3 0
14

0 1 8 2 11 3 12 4 14 5 15 7 0 10 2 1 3 5 4 8 0 10 4 15 10 1 1 3 3 0
13

0 1 8 2 11 3 12 4 15 5 0 7 2 10 3 1 4 5 0 8 4 10 5 15 10 1 1 3 3 0
15

0 1 8 2 11 3 12 4 15 5 0 7 2 10 3 1 4 5 0 8 4 10 10 15 15 1 1 3 3 0
5

0 1 8 2 11 3 12 4 13 5 15 9 0 10 2 1 3 5 4 8 0 10 4 15 10 1 1 3 3 0
14

0 1 8 2 11 3 12 4 14 5 15 9 0 10 2 1 3 5 4 8 0 10 4 15 10 1 1 3 3 0
13

0 1 8 2 11 3 12 4 15 5 0 9 2 10 3 1 4 5 0 8 4 10 5 15 10 1 1 3 3 0
15

0 1 8 2 11 3 12 4 15 5 0 9 2 10 3 1 4 5 0 8 4 10 10 15 15 1 1 3 3 0
5

0 1 8 2 11 3 12 4 15 5 0 10 2 13 3 1 4 5 0 8 4 10 5 15 10 1 1 3 3 0
15

0 1 8 2 11 3 12 4 15 5 0 10 2 13 3 1 4 5 0 8 4 10 10 15 15 1 1 3 3 0
5

0 1 8 2 11 3 12 4 15 5 0 10 2 14 3 1 4 5 0 8 4 10 5 15 10 1 1 3 3 0
15

0 1 8 2 11 3 12 4 15 5 0 10 2 14 3 1 4 5 0 8 4 10 10 15 15 1 1 3 3 0
5

0 1 8 2 11 3 12 4 13 5 15 10 0 1 2 5 3 8 4 10 0 11 4 15 10 1 1 3 3 0
14

0 1 8 2 11 3 12 4 14 5 15 10 0 1 2 5 3 8 4 10 0 11 4 15 10 1 1 3 3 0
13

0 1 8 2 11 3 12 4 15 5 0 10 2 1 3 5 4 8 0 10 4 11 5 15 10 1 1 3 3 0
15

0 1 8 2 11 3 12 4 15 5 0 10 2 1 3 5 4 8 0 10 4 11 10 15 15 1 1 3 3 0
5

0 1 8 2 11 3 12 4 13 5 15 10 0 1 2 5 3 8 4 10 0 12 4 15 10 1 1 3 3 0
14

0 1 8 2 11 3 12 4 14 5 15 10 0 1 2 5 3 8 4 10 0 12 4 15 10 1 1 3 3 0
13

0 1 8 2 11 3 12 4 15 5 0 10 2 1 3 5 4 8 0 10 4 12 5 15 10 1 1 3 3 0
15

0 1 8 2 11 3 12 4 15 5 0 10 2 1 3 5 4 8 0 10 4 12 8 15 10 1 1 3 3 0
12

0 1 8 2 11 3 12 4 15 5 0 10 2 1 3 5 4 8 0 10 4 12 10 15 15 1 1 3 3 0
5

0 1 8 2 11 3 12 4 13 5 15 10 0 1 2 5 3 8 4 10 0 13 4 15 10 1 1 3 3 0
14

0 1 8 2 11 3 12 4 14 5 15 10 0 1 2 5 3 8 4 10 0 14 4 15 10 1 1 3 3 0
13

0 1 8 2 11 3 12 4 13 5 15 10 0 1 2 5 3 8 4 10 0 15 4 1 10 2 1 3 3 0
14

0 1 8 2 11 3 12 4 14 5 15 10 0 1 2 5 3 8 4 10 0 15 4 1 10 2 1 3 3 0
13

0 1 8 2 11 3 12 4 15 5 0 10 2 1 3 5 4 8 0 10 4 15 5 1 10 2 1 3 3 0
15

0 1 8 2 11 3 12 4 15 5 0 10 2 1 3 5 4 8 0 10 4 15 10 1 15 2 1 3 3 0
5

0 1 8 2 11 3 12 4 13 5 15 10 0 1 2 5 3 8 4 10 0 15 4 1 10 3 1 5 3 0
14

0 1 8 2 11 3 12 4 14 5 15 10 0 1 2 5 3 8 4 10 0 15 4 1 10 3 1 5 3 0
13

0 3 2 5 7 6 10 13 11 3 12 5 14 6 15 11 0 12 10 15 3 0 6 10 11 12 15 0 12 3 15
7

0 3 2 5 9 6 10 13 11 3 12 5 14 6 15 11 0 12 10 15 3 0 6 10 11 12 15 0 12 3 15
9

0 1 2 3 4 5 10 6 11 13 12 3 14 5 15 6 0 11 10 12 3 15 6 0 11 10 15 12 12 0 15 3
8

0 1 2 3 9 5 10 6 11 13 12 3 14 5 15 6 0 11 10 12 3 15 6 0 11 10 15 12 12 0 15 3
8

0 3 2 4 8 5 10 6 11 13 12 3 14 5 15 6 0 11 10 12 3 15 6 0 11 10 15 12 12 0 15 3
9

0 3 2 4 9 5 10 6 11 13 12 3 14 5 15 6 0 11 10 12 3 15 6 0 11 10 15 12 12 0 15 3
8

0 3 2 5 4 6 10 7 11 13 12 3 14 5 15 6 0 11 10 12 3 15 6 0 11 10 15 12 12 0 15 3
8

0 3 2 5 9 6 10 7 11 13 12 3 14 5 15 6 0 11 10 12 3 15 6 0 11 10 15 12 12 0 15 3
8

0 3 2 5 4 6 10 9 11 13 12 3 14 5 15 6 0 11 10 12 3 15 6 0 11 10 15 12 12 0 15 3
8

0 3 2 5 8 6 10 9 11 13 12 3 14 5 15 6 0 11 10 12 3 15 6 0 11 10 15 12 12 0 15 3
4

0 3 2 5 4 6 10 13 11 2 12 3 14 5 15 6 0 11 10 12 3 15 6 0 11 10 15 12 12 0 15 3
8

0 3 2 5 9 6 10 13 11 2 12 3 14 5 15 6 0 11 10 12 3 15 6 0 11 10 15 12 12 0 15 3
8

0 3 2 5 4 6 10 13 11 3 12 4 14 5 15 6 0 11 10 12 3 15 6 0 11 10 15 12 12 0 15 3
8

0 3 2 5 4 6 10 13 11 3 12 5 14 6 15 11 0 12 10 13 3 15 6 0 11 10 15 12 12 0 15 3
8

0 3 2 5 9 6 10 13 11 3 12 5 14 6 15 11 0 12 10 13 3 15 6 0 11 10 15 12 12 0 15 3
8

0 3 2 5 10 6 11 13 12 3 14 5 15 6 0 11 10 12 14 13 3 15 6 0 11 10 15 12 12 0 15 3
13

0 3 2 5 4 6 10 13 11 3 12 5 14 6 15 11 0 12 10 14 3 15 6 0 11 10 15 12 12 0 15 3
8

0 3 2 5 9 6 10 13 11 3 12 5 14 6 15 11 0 12 10 14 3 15 6 0 11 10 15 12 12 0 15 3
8

0 3 2 5 10 6 11 13 12 3 14 5 15 6 0 11 10 12 13 14 3 15 6 0 11 10 15 12 12 0 15 3
14

0 3 2 5 10 6 11 13 12 3 14 5 15 6 0 11 2 12 10 15 3 0 6 2 11 10 15 12 12 0 15 3
2

0 3 2 5 4 6 10 13 11 3 12 5 14 6 15 11 0 12 10 15 3 0 6 5 11 10 15 12 12 0 15 3
8

0 3 2 5 9 6 10 13 11 3 12 5 14 6 15 11 0 12 10 15 3 0 6 5 11 10 15 12 12 0 15 3
8

0 3 2 5 4 6 10 13 11 3 12 5 14 6 15 11 0 12 10 15 3 0 6 10 11 12 15 0 12 3 15 6
8

0 3 2 5 9 6 10 13 11 3 12 5 14 6 15 11 0 12 10 15 3 0 6 10 11 12 15 0 12 3 15 6
8

0 3 2 5 4 6 10 13 11 3 12 5 14 6 15 11 0 12 10 15 3 0 6 10 11 12 15 0 12 3 15 10
8

0 3 2 5 9 6 10 13 11 3 12 5 14 6 15 11 0 12 10 15 3 0 6 10 11 12 15 0 12 3 15 10
8

0 3 2 5 4 6 10 13 11 3 12 5 14 6 15 11 0 12 10 15 3 0 6 10 11 12 15 0 12 3 15 11
8

0 3 2 5 9 6 10 13 11 3 12 5 14 6 15 11 0 12 10 15 3 0 6 10 11 12 15 0 12 3 15 11
8

3 0 7 8 12 9 13 15 14 9 0 12 3 14 7 15 0 3 15 12 0 14 3 12 15
13

3 0 7 1 12 8 14 9 0 15 3 9 7 12 0 14 7 15 15 3 0 12 3 14 15 12
7

3 0 7 2 12 8 14 9 0 15 3 9 7 12 0 14 7 15 15 3 0 12 3 14 15 12
7

3 0 7 4 12 8 14 9 0 15 3 9 7 12 0 14 7 15 15 3 0 12 3 14 15 12
7

3 0 7 5 12 8 14 9 0 15 3 9 7 12 0 14 7 15 15 3 0 12 3 14 15 12
7

3 0 7 6 12 8 14 9 0 15 3 9 7 12 0 14 7 15 15 3 0 12 3 14 15 12
7

3 0 7 8 12 9 14 10 0 15 3 9 7 12 0 14 7 15 15 3 0 12 3 14 15 12
7

3 0 7 8 12 9 14 11 0 15 3 9 7 12 0 14 7 15 15 3 0 12 3 14 15 12
7

3 0 7 8 12 9 14 13 0 15 3 9 7 12 0 14 7 15 15 3 0 12 3 14 15 12
7

3 0 7 8 12 9 14 15 0 8 3 9 7 12 0 14 7 15 15 3 0 12 3 14 15 12
7

3 0 7 8 11 9 12 15 14 9 0 11 3 12 7 14 0 15 15 3 0 12 3 14 15 12
11

3 0 7 8 12 9 14 15 0 9 3 12 7 14 0 15 7 3 15 9 0 12 3 14 15 12
7

1 0 7 2 12 3 13 4 15 14 1 0 2 3 12 7 14 7 15 14 0 15 1 0 12 1 15 12
13

1 0 7 2 12 3 15 4 1 14 2 0 12 3 14 7 15 7 0 14 1 15 2 0 12 1 15 12
3

1 0 7 2 12 3 15 4 1 14 2 0 12 3 14 7 15 7 0 14 1 15 3 0 12 1 15 12
2

1 0 7 2 12 3 13 5 15 14 1 0 2 3 12 7 14 7 15 14 0 15 1 0 12 1 15 12
13

1 0 7 2 12 3 15 5 1 14 2 0 12 3 14 7 15 7 0 14 1 15 2 0 12 1 15 12
3

1 0 7 2 12 3 15 5 1 14 2 0 12 3 14 7 15 7 0 14 1 15 3 0 12 1 15 12
2

1 0 7 2 12 3 13 6 15 14 1 0 2 3 12 7 14 7 15 14 0 15 1 0 12 1 15 12
13

1 0 7 2 12 3 15 6 1 14 2 0 12 3 14 7 15 7 0 14 1 15 2 0 12 1 15 12
3

1 0 7 2 12 3 15 6 1 14 2 0 12 3 14 7 15 7 0 14 1 15 3 0 12 1 15 12
2

0 1 2 3 7 5 11 13 12 0 14 3 15 7 14 11 15 12 0 13 7 3 12 11 0 13 3 14 13 15 15
9

0 1 4 3 7 5 11 13 12 0 14 3 15 7 14 11 15 12 0 13 7 3 12 11 0 13 3 14 13 15 15
9

0 1 6 3 7 5 11 13 12 0 14 3 15 7 14 11 15 12 0 13 7 3 12 11 0 13 3 14 13 15 15
9

0 1 7 3 8 5 11 13 12 0 14 3 15 7 14 11 15 12 0 13 7 3 12 11 0 13 3 14 13 15 15
9

0 1 7 3 10 5 11 13 12 0 14 3 15 7 14 11 15 12 0 13 7 3 12 11 0 13 3 14 13 15 15
9

0 1 7 3 11 5 12 13 14 0 15 3 1 7 14 11 15 12 0 13 7 3 12 11 0 13 3 14 13 15 15
9

0 1 7 3 11 5 12 13 14 0 15 3 5 7 14 11 15 12 0 13 7 3 12 11 0 13 3 14 13 15 15
9

0 1 7 3 11 5 12 13 14 0 15 3 14 7 15 11 0 12 7 13 12 3 0 11 3 13 7 14 13 15 15
9

0 1 7 3 11 5 12 13 14 0 15 3 14 7 15 11 0 12 7 13 12 3 0 11 3 13 11 14 13 15 15
9

0 1 7 3 11 5 12 13 14 0 15 3 14 7 15 11 0 12 7 13 12 3 0 11 3 13 12 14 13 15 15
9

0 1 7 3 11 5 12 13 14 0 15 3 14 7 15 11 0 12 7 13 12 3 0 11 3 13 13 14 14 15 15
9

0 1 2 3 7 9 11 13 12 0 14 3 15 7 14 11 15 12 0 13 7 3 12 11 0 13 3 14 13 15 15
5

0 1 4 3 7 9 11 13 12 0 14 3 15 7 14 11 15 12 0 13 7 3 12 11 0 13 3 14 13 15 15
5

0 1 6 3 7 9 11 13 12 0 14 3 15 7 14 11 15 12 0 13 7 3 12 11 0 13 3 14 13 15 15
5

0 1 7 3 8 9 11 13 12 0 14 3 15 7 14 11 15 12 0 13 7 3 12 11 0 13 3 14 13 15 15
5

0 1 7 3 10 9 11 13 12 0 14 3 15 7 14 11 15 12 0 13 7 3 12 11 0 13 3 14 13 15 15
5

0 1 7 3 11 9 12 13 14 0 15 3 1 7 14 11 15 12 0 13 7 3 12 11 0 13 3 14 13 15 15
5

0 1 7 3 11 9 12 13 14 0 15 3 9 7 14 11 15 12 0 13 7 3 12 11 0 13 3 14 13 15 15
5

0 1 7 3 11 9 12 13 14 0 15 3 14 7 15 11 0 12 7 13 12 3 0 11 3 13 7 14 13 15 15
5

0 1 7 3 11 9 12 13 14 0 15 3 14 7 15 11 0 12 7 13 12 3 0 11 3 13 11 14 13 15 15
5

0 1 7 3 11 9 12 13 14 0 15 3 14 7 15 11 0 12 7 13 12 3 0 11 3 13 12 14 13 15 15
5

0 1 7 3 11 9 12 13 14 0 15 3 14 7 15 11 0 12 7 13 12 3 0 11 3 13 13 14 14 15 15
5

0 1 2 3 7 13 11 0 12 1 14 3 15 7 14 11 15 12 0 13 7 3 12 11 0 13 3 14 13 15 15
2

0 2 1 4 3 5 8 7 11 12 15 0 3 1 5 11 7 12 0 3 7 5 12 0 3 5 12
6

0 2 1 4 3 5 9 7 11 12 15 0 3 1 5 11 7 12 0 3 7 5 12 0 3 5 12
6

0 2 1 4 3 5 10 7 11 12 15 0 3 1 5 11 7 12 0 3 7 5 12 0 3 5 12
6

0 2 1 4 3 5 11 7 13 12 15 0 3 1 5 11 7 12 0 3 7 5 12 0 3 5 12
6

0 2 1 4 3 5 11 7 14 12 15 0 3 1 5 11 7 12 0 3 7 5 12 0 3 5 12
6

0 2 1 4 3 5 11 7 15 12 2 0 3 1 5 11 7 12 0 3 7 5 12 0 3 5 12
6

0 2 1 4 3 5 11 7 15 12 3 0 4 1 5 11 7 12 0 3 7 5 12 0 3 5 12
6

0 2 1 4 3 5 11 7 15 12 3 0 5 1 7 11 15 12 0 3 7 5 12 0 3 5 12
6

0 2 1 4 3 5 11 7 15 12 3 0 5 1 7 11 0 12 1 3 7 5 12 0 3 5 12
6

0 2 1 4 3 5 11 7 15 12 3 0 5 1 7 11 0 12 7 3 11 5 12 0 3 5 12
6

0 2 1 4 3 5 11 7 15 12 3 0 5 1 7 11 0 12 7 3 12 5 3 0 7 5 12
6

0 2 1 5 3 6 8 7 11 12 15 0 3 1 5 11 7 12 0 3 7 5 12 0 3 5 12
4

0 2 1 5 3 6 9 7 11 12 15 0 3 1 5 11 7 12 0 3 7 5 12 0 3 5 12
4

0 2 1 5 3 6 10 7 11 12 15 0 3 1 5 11 7 12 0 3 7 5 12 0 3 5 12
4

0 2 1 5 3 6 11 7 13 12 15 0 3 1 5 11 7 12 0 3 7 5 12 0 3 5 12
4

0 2 1 5 3 6 11 7 14 12 15 0 3 1 5 11 7 12 0 3 7 5 12 0 3 5 12
4

0 2 1 5 3 6 11 7 15 12 2 0 3 1 5 11 7 12 0 3 7 5 12 0 3 5 12
4

0 2 1 5 3 6 11 7 15 12 3 0 5 1 6 11 7 12 0 3 7 5 12 0 3 5 12
4

0 2 1 5 3 6 11 7 15 12 3 0 5 1 7 11 15 12 0 3 7 5 12 0 3 5 12
4

0 2 1 5 3 6 11 7 15 12 3 0 5 1 7 11 0 12 1 3 7 5 12 0 3 5 12
4

0 2 1 5 3 6 11 7 15 12 3 0 5 1 7 11 0 12 7 3 11 5 12 0 3 5 12
4

0 2 1 5 3 6 11 7 15 12 3 0 5 1 7 11 0 12 7 3 12 5 3 0 7 5 12
4

0 1 3 2 5 10 9 12 13 0 14 9 15 12 1 14 3 15 10 0 1 3 12 9 15 10 3 14 12
13

0 1 3 4 5 10 9 12 13 0 14 9 15 12 1 14 3 15 10 0 1 3 12 9 15 10 3 14 12
13

0 1 3 6 5 10 9 12 13 0 14 9 15 12 1 14 3 15 10 0 1 3 12 9 15 10 3 14 12
13

0 1 3 7 5 10 9 12 13 0 14 9 15 12 1 14 3 15 10 0 1 3 12 9 15 10 3 14 12
13

0 1 3 8 5 10 9 12 13 0 14 9 15 12 1 14 3 15 10 0 1 3 12 9 15 10 3 14 12
13

0 1 3 10 5 11 9 12 13 0 14 9 15 12 1 14 3 15 10 0 1 3 12 9 15 10 3 14 12
13

0 1 2 10 3 12 5 13 9 0 14 9 15 12 1 14 3 15 10 0 1 3 12 9 15 10 3 14 12
13

0 1 3 10 4 12 5 13 9 0 14 9 15 12 1 14 3 15 10 0 1 3 12 9 15 10 3 14 12
13

0 1 3 10 5 12 6 13 9 0 14 9 15 12 1 14 3 15 10 0 1 3 12 9 15 10 3 14 12
13

0 1 3 10 5 12 7 13 9 0 14 9 15 12 1 14 3 15 10 0 1 3 12 9 15 10 3 14 12
13

0 1 3 10 5 12 8 13 9 0 14 9 15 12 1 14 3 15 10 0 1 3 12 9 15 10 3 14 12
13

0 1 3 10 5 12 9 13 11 0 14 9 15 12 1 14 3 15 10 0 1 3 12 9 15 10 3 14 12
13

0 1 3 10 5 12 9 13 14 0 15 9 1 12 3 14 5 15 10 0 1 3 12 9 15 10 3 14 12
13

0 1 3 10 5 12 9 13 14 0 15 9 1 12 3 14 10 15 1 0 12 3 15 9 0 10 3 14 12
13

0 1 3 10 5 12 9 13 14 0 15 9 1 12 3 14 10 15 1 0 12 3 15 9 1 10 3 14 12
13

0 1 3 10 5 12 9 13 14 0 15 9 1 12 3 14 10 15 1 0 12 3 15 9 3 10 9 14 12
13

0 1 3 10 5 12 9 13 14 0 15 9 1 12 3 14 10 15 1 0 12 3 15 9 3 10 10 14 12
13

0 1 3 10 5 12 9 13 14 0 15 9 1 12 3 14 10 15 1 0 12 3 15 9 3 10 12 14 14
13

0 1 3 10 5 12 9 13 14 0 15 9 1 12 3 14 10 15 1 0 12 3 15 9 3 10 12 14 15
13

0 1 3 10 5 12 9 0 13 5 14 9 15 12 1 14 3 15 10 0 1 3 12 9 15 10 3 14 12
13

2 0 3 1 6 4 12 9 14 13 3 15 13 0 15 4 13 6 6 9 9 12 12 0 0 3 3 15 12
5

3 0 6 1 7 4 12 9 14 13 3 15 13 0 15 4 13 6 6 9 9 12 12 0 0 3 3 15 12
5

3 0 6 1 10 4 12 9 14 13 3 15 13 0 15 4 13 6 6 9 9 12 12 0 0 3 3 15 12
5

3 0 6 1 11 4 12 9 14 13 3 15 13 0 15 4 13 6 6 9 9 12 12 0 0 3 3 15 12
5

3 0 6 1 12 4 14 9 1 13 3 15 13 0 15 4 13 6 6 9 9 12 12 0 0 3 3 15 12
5

3 0 6 1 12 4 14 9 3 13 13 15 14 0 15 4 13 6 6 9 9 12 12 0 0 3 3 15 12
5

3 0 6 1 12 4 14 9 3 13 13 15 15 0 13 4 4 6 6 9 9 12 12 0 0 3 3 15 12
5

3 0 6 1 12 4 14 9 3 13 13 15 15 0 13 6 6 4 6 9 9 12 12 0 0 3 3 15 12
5

3 0 6 1 12 4 14 9 3 13 13 15 15 0 13 6 6 9 9 4 9 12 12 0 0 3 3 15 12
5

3 0 6 1 12 4 14 9 3 13 13 15 15 0 13 4 13 6 6 9 9 12 12 0 0 3 3 15 12
5

3 0 6 1 12 4 14 9 3 13 13 15 15 0 13 6 6 9 9 12 12 4 12 0 0 3 3 15 15
5

2 0 3 1 7 4 14 12 0 15 1 3 2 7 12 14 15 0 2 1 12 3 15 7 3 14 15 0
2

2 0 3 1 5 4 7 12 14 15 0 3 1 7 2 14 12 0 15 1 2 3 12 7 15 14 3 0 15
8

2 0 3 1 6 4 7 12 14 15 0 3 1 7 2 14 12 0 15 1 2 3 12 7 15 14 3 0 15
8

2 0 3 1 7 4 9 12 14 15 0 3 1 7 2 14 12 0 15 1 2 3 12 7 15 14 3 0 15
8

2 0 3 1 7 4 10 12 14 15 0 3 1 7 2 14 12 0 15 1 2 3 12 7 15 14 3 0 15
8

2 0 3 1 7 4 11 12 14 15 0 3 1 7 2 14 12 0 15 1 2 3 12 7 15 14 3 0 15
8

2 0 3 1 7 4 13 12 14 15 0 3 1 7 2 14 12 0 15 1 2 3 12 7 15 14 3 0 15
8

2 0 3 1 7 4 14 12 0 15 1 3 2 7 4 14 12 0 15 1 2 3 12 7 15 14 3 0 15
8

2 0 3 1 7 4 14 12 0 15 1 3 2 7 12 14 15 0 2 1 12 3 15 7 1 14 3 0 15
8

2 0 3 1 7 4 14 12 0 15 1 3 2 7 12 14 15 0 2 1 12 3 15 7 3 14 7 0 15
8

2 0 3 1 7 4 14 12 0 15 1 3 2 7 12 14 15 0 2 1 12 3 15 7 3 14 12 0 15
8

2 0 3 1 7 4 14 12 0 15 1 3 2 7 12 14 15 0 2 1 12 3 15 7 3 14 14 0 15
8

2 0 3 1 7 5 14 12 0 15 1 3 2 7 12 14 15 0 2 1 12 3 15 7 3 14 15 0
2

2 0 3 1 4 5 7 12 14 15 0 3 1 7 2 14 12 0 15 1 2 3 12 7 15 14 3 0 15
10

2 0 3 1 6 5 7 12 14 15 0 3 1 7 2 14 12 0 15 1 2 3 12 7 15 14 3 0 15
10

2 0 3 1 7 5 8 12 14 15 0 3 1 7 2 14 12 0 15 1 2 3 12 7 15 14 3 0 15
10

2 0 3 1 7 5 9 12 14 15 0 3 1 7 2 14 12 0 15 1 2 3 12 7 15 14 3 0 15
10

2 0 3 1 7 5 11 12 14 15 0 3 1 7 2 14 12 0 15 1 2 3 12 7 15 14 3 0 15
10

2 0 3 1 7 5 13 12 14 15 0 3 1 7 2 14 12 0 15 1 2 3 12 7 15 14 3 0 15
10

2 0 3 1 7 5 14 12 0 15 1 3 2 7 5 14 12 0 15 1 2 3 12 7 15 14 3 0 15
10

2 0 3 1 7 5 14 12 0 15 1 3 2 7 12 14 15 0 2 1 12 3 15 7 1 14 3 0 15
10

2 0 3 1 7 5 14 12 0 15 1 3 2 7 12 14 15 0 2 1 12 3 15 7 3 14 7 0 15
10

2 0 3 1 7 5 14 12 0 15 1 3 2 7 12 14 15 0 2 1 12 3 15 7 3 14 12 0 15
10

2 0 3 1 7 5 14 12 0 15 1 3 2 7 12 14 15 0 2 1 12 3 15 7 3 14 14 0 15
10

2 0 3 1 7 6 14 12 0 15 1 3 2 7 12 14 15 0 2 1 12 3 15 7 3 14 15 0
2

2 0 3 1 7 8 14 12 0 15 1 3 2 7 12 14 15 0 2 1 12 3 15 7 3 14 15 0
2

2 0 3 1 5 8 7 12 14 15 0 3 1 7 2 14 12 0 15 1 2 3 12 7 15 14 3 0 15
4

2 0 3 1 6 8 7 12 14 15 0 3 1 7 2 14 12 0 15 1 2 3 12 7 15 14 3 0 15
4

2 0 3 1 7 8 9 12 14 15 0 3 1 7 2 14 12 0 15 1 2 3 12 7 15 14 3 0 15
4

2 0 3 1 7 8 10 12 14 15 0 3 1 7 2 14 12 0 15 1 2 3 12 7 15 14 3 0 15
4

2 0 3 1 7 8 11 12 14 15 0 3 1 7 2 14 12 0 15 1 2 3 12 7 15 14 3 0 15
4

2 0 3 1 7 8 13 12 14 15 0 3 1 7 2 14 12 0 15 1 2 3 12 7 15 14 3 0 15
4

2 0 3 1 7 8 14 12 0 15 1 3 2 7 8 14 12 0 15 1 2 3 12 7 15 14 3 0 15
4

2 0 3 1 7 8 14 12 0 15 1 3 2 7 12 14 15 0 2 1 12 3 15 7 1 14 3 0 15
4

2 0 3 1 7 8 14 12 0 15 1 3 2 7 12 14 15 0 2 1 12 3 15 7 3 14 7 0 15
4

2 0 3 1 7 8 14 12 0 15 1 3 2 7 12 14 15 0 2 1 12 3 15 7 3 14 12 0 15
4

2 0 3 1 7 8 14 12 0 15 1 3 2 7 12 14 15 0 2 1 12 3 15 7 3 14 14 0 15
4

2 0 3 1 7 9 14 12 0 15 1 3 2 7 12 14 15 0 2 1 12 3 15 7 3 14 15 0
2

2 0 3 1 7 10 14 12 0 15 1 3 2 7 12 14 15 0 2 1 12 3 15 7 3 14 15 0
2

2 0 3 1 4 10 7 12 14 15 0 3 1 7 2 14 12 0 15 1 2 3 12 7 15 14 3 0 15
5

2 0 3 1 6 10 7 12 14 15 0 3 1 7 2 14 12 0 15 1 2 3 12 7 15 14 3 0 15
5

2 0 3 1 7 10 8 12 14 15 0 3 1 7 2 14 12 0 15 1 2 3 12 7 15 14 3 0 15
5

2 0 3 1 7 10 9 12 14 15 0 3 1 7 2 14 12 0 15 1 2 3 12 7 15 14 3 0 15
5

2 0 3 1 7 10 11 12 14 15 0 3 1 7 2 14 12 0 15 1 2 3 12 7 15 14 3 0 15
5

2 0 3 1 7 10 13 12 14 15 0 3 1 7 2 14 12 0 15 1 2 3 12 7 15 14 3 0 15
5

2 0 3 1 7 10 14 12 0 15 1 3 2 7 10 14 12 0 15 1 2 3 12 7 15 14 3 0 15
5

2 0 3 1 7 10 14 12 0 15 1 3 2 7 12 14 15 0 2 1 12 3 15 7 1 14 3 0 15
5

2 0 3 1 7 10 14 12 0 15 1 3 2 7 12 14 15 0 2 1 12 3 15 7 3 14 7 0 15
5

2 0 3 1 7 10 14 12 0 15 1 3 2 7 12 14 15 0 2 1 12 3 15 7 3 14 12 0 15
5

2 0 3 1 7 10 14 12 0 15 1 3 2 7 12 14 15 0 2 1 12 3 15 7 3 14 14 0 15
5

2 0 3 1 7 11 14 12 0 15 1 3 2 7 12 14 15 0 2 1 12 3 15 7 3 14 15 0
2

2 0 3 1 7 12 14 13 0 15 1 3 2 7 12 14 15 0 2 1 12 3 15 7 3 14 15 0
2

2 0 3 1 7 12 14 15 0 3 1 7 2 14 12 0 15 1 2 3 12 7 15 14 3 0 15 1
2

1 0 3 7 13 10 14 12 15 1 0 10 3 12 7 13 0 15 3 1 10 7 12 0 13 3 12
14

1 0 3 2 5 7 13 10 15 12 0 1 3 10 7 12 0 13 3 15 10 1 12 7 13 0 12 3
9

1 0 3 2 9 7 13 10 15 12 0 1 3 10 7 12 0 13 3 15 10 1 12 7 13 0 12 3
5

1 0 3 2 13 7 14 10 15 12 0 1 3 10 7 12 0 13 3 15 10 1 12 7 13 0 12 3
14

1 0 3 4 5 7 13 10 15 12 0 1 3 10 7 12 0 13 3 15 10 1 12 7 13 0 12 3
9

1 0 3 4 9 7 13 10 15 12 0 1 3 10 7 12 0 13 3 15 10 1 12 7 13 0 12 3
5

1 0 3 4 13 7 14 10 15 12 0 1 3 10 7 12 0 13 3 15 10 1 12 7 13 0 12 3
14

1 0 3 5 13 7 14 10 15 12 0 1 3 10 7 12 0 13 3 15 10 1 12 7 13 0 12 3
14

1 0 3 6 5 7 13 10 15 12 0 1 3 10 7 12 0 13 3 15 10 1 12 7 13 0 12 3
9

1 0 3 6 9 7 13 10 15 12 0 1 3 10 7 12 0 13 3 15 10 1 12 7 13 0 12 3
5

1 0 3 6 13 7 14 10 15 12 0 1 3 10 7 12 0 13 3 15 10 1 12 7 13 0 12 3
14

1 0 3 7 5 8 13 10 15 12 0 1 3 10 7 12 0 13 3 15 10 1 12 7 13 0 12 3
9

1 0 3 7 9 8 13 10 15 12 0 1 3 10 7 12 0 13 3 15 10 1 12 7 13 0 12 3
5

1 0 3 7 13 8 14 10 15 12 0 1 3 10 7 12 0 13 3 15 10 1 12 7 13 0 12 3
14

1 0 3 7 13 9 14 10 15 12 0 1 3 10 7 12 0 13 3 15 10 1 12 7 13 0 12 3
14

1 0 3 7 5 10 13 11 15 12 0 1 3 10 7 12 0 13 3 15 10 1 12 7 13 0 12 3
9

1 0 3 7 9 10 13 11 15 12 0 1 3 10 7 12 0 13 3 15 10 1 12 7 13 0 12 3
5

1 0 3 7 13 10 14 11 15 12 0 1 3 10 7 12 0 13 3 15 10 1 12 7 13 0 12 3
14

1 0 2 7 3 10 13 12 15 14 0 1 3 10 7 12 0 13 3 15 10 1 12 7 13 0 12 3
14

1 0 3 7 4 10 13 12 15 14 0 1 3 10 7 12 0 13 3 15 10 1 12 7 13 0 12 3
14

1 0 3 7 6 10 13 12 15 14 0 1 3 10 7 12 0 13 3 15 10 1 12 7 13 0 12 3
14

1 0 3 7 8 10 13 12 15 14 0 1 3 10 7 12 0 13 3 15 10 1 12 7 13 0 12 3
14

1 0 3 7 11 10 13 12 15 14 0 1 3 10 7 12 0 13 3 15 10 1 12 7 13 0 12 3
14

1 0 3 7 13 10 15 12 0 14 3 1 7 10 0 12 3 13 10 15 12 1 13 7 15 0 12 3
14

1 0 3 7 13 10 15 12 0 14 3 1 7 10 0 12 3 13 10 15 12 1 13 7 1 0 12 3
14

1 0 3 7 13 10 15 12 0 14 3 1 7 10 0 12 3 13 10 15 12 1 13 7 7 0 12 3
14

1 0 3 7 13 10 15 12 0 14 3 1 7 10 0 12 3 13 10 15 12 1 13 7 10 0 12 3
14

1 0 3 7 13 10 15 12 0 14 3 1 7 10 0 12 3 13 10 15 12 1 13 7 12 0 13 3
14

1 0 3 7 5 10 13 12 15 1 0 5 3 10 7 12 0 13 3 15 10 1 12 7 13 0 12 3
9

1 0 3 7 9 10 13 12 15 1 0 9 3 10 7 12 0 13 3 15 10 1 12 7 13 0 12 3
5

1 0 3 7 5 10 13 12 15 1 0 10 3 12 7 13 0 15 3 1 10 7 12 15 13 0 12 3
9

1 0 3 7 9 10 13 12 15 1 0 10 3 12 7 13 0 15 3 1 10 7 12 15 13 0 12 3
5

1 0 3 7 13 10 14 12 15 1 0 10 3 12 7 13 0 15 3 1 10 7 12 15 13 0 12 3
14

1 0 3 7 5 10 13 12 15 1 0 10 3 12 7 13 0 15 3 1 10 7 12 0 13 1 12 3
9

1 0 3 7 9 10 13 12 15 1 0 10 3 12 7 13 0 15 3 1 10 7 12 0 13 1 12 3
5

1 0 3 7 13 10 14 12 15 1 0 10 3 12 7 13 0 15 3 1 10 7 12 0 13 1 12 3
14

0 3 1 8 4 15 12 0 13 1 14 8 3 12 4 14 0 15 4 3 12 8 0 14 3 15 8 4 15
13

0 1 6 3 14 4 15 9 3 12 6 0 14 9 3 12 9 15 15 0 0 6 15 12 12 14 14
3

0 2 6 3 14 4 15 9 3 12 6 0 14 9 3 12 9 15 15 0 0 6 15 12 12 14 14
3

0 3 6 4 14 5 15 9 3 12 6 0 14 9 3 12 9 15 15 0 0 6 15 12 12 14 14
3

0 3 6 4 14 7 15 9 3 12 6 0 14 9 3 12 9 15 15 0 0 6 15 12 12 14 14
3

0 3 6 4 14 8 15 9 3 12 6 0 14 9 3 12 9 15 15 0 0 6 15 12 12 14 14
3

0 3 6 4 14 9 15 10 3 12 6 0 14 9 3 12 9 15 15 0 0 6 15 12 12 14 14
3

0 3 6 4 14 9 15 11 3 12 6 0 14 9 3 12 9 15 15 0 0 6 15 12 12 14 14
3

0 3 6 4 14 9 15 12 3 13 6 0 14 9 3 12 9 15 15 0 0 6 15 12 12 14 14
3

0 3 6 4 8 9 14 12 15 0 3 4 6 9 14 12 9 15 15 0 0 6 15 12 12 14 14
8

0 3 6 4 14 9 15 12 3 0 6 4 14 9 3 12 9 15 15 0 0 6 15 12 12 14 14
3

0 3 1 4 6 9 14 12 15 0 3 9 6 12 14 15 9 0 15 3 0 6 15 12 12 14 14
3

0 3 2 4 6 9 14 12 15 0 3 9 6 12 14 15 9 0 15 3 0 6 15 12 12 14 14
3

0 3 5 4 6 9 14 12 15 0 3 9 6 12 14 15 9 0 15 3 0 6 15 12 12 14 14
3

0 3 6 4 7 9 14 12 15 0 3 9 6 12 14 15 9 0 15 3 0 6 15 12 12 14 14
3

0 3 6 4 8 9 14 12 15 0 3 9 6 12 14 15 9 0 15 3 0 6 15 12 12 14 14
3

0 3 6 4 10 9 14 12 15 0 3 9 6 12 14 15 9 0 15 3 0 6 15 12 12 14 14
3

0 3 6 4 11 9 14 12 15 0 3 9 6 12 14 15 9 0 15 3 0 6 15 12 12 14 14
3

0 3 6 4 13 9 14 12 15 0 3 9 6 12 14 15 9 0 15 3 0 6 15 12 12 14 14
3

0 3 6 4 14 9 15 12 3 0 4 9 6 12 14 15 9 0 15 3 0 6 15 12 12 14 14
3

0 3 6 4 14 9 15 12 3 0 6 9 14 12 9 15 15 0 0 3 15 6 6 12 12 14 14
3

0 3 6 4 14 9 15 12 3 0 6 9 14 12 9 15 15 0 0 3 9 6 15 12 12 14 14
3

0 3 6 4 14 9 15 12 3 0 6 9 14 12 3 15 9 0 15 6 0 12 12 14 14 6 15
3

0 3 6 4 14 9 15 12 3 0 6 9 14 12 3 15 9 0 15 6 0 12 12 14 14 9 15
3

2 0 11 1 12 3 13 6 15 7 3 0 6 11 3 12 11 15 15 0 0 6 3 12 15 12
14

2 0 11 1 12 3 14 6 15 7 3 0 6 11 3 12 11 15 15 0 0 6 3 12 15 12
13

2 0 11 1 12 3 15 6 3 7 6 0 7 11 3 12 11 15 15 0 0 6 3 12 15 12
7

2 0 11 3 12 4 13 6 15 7 3 0 6 11 3 12 11 15 15 0 0 6 3 12 15 12
14

2 0 11 3 12 4 14 6 15 7 3 0 6 11 3 12 11 15 15 0 0 6 3 12 15 12
13

2 0 11 3 12 4 15 6 3 7 6 0 7 11 3 12 11 15 15 0 0 6 3 12 15 12
7

2 0 11 3 12 5 13 6 15 7 3 0 6 11 3 12 11 15 15 0 0 6 3 12 15 12
14

2 0 11 3 12 5 14 6 15 7 3 0 6 11 3 12 11 15 15 0 0 6 3 12 15 12
13

2 0 11 3 12 5 15 6 3 7 6 0 7 11 3 12 11 15 15 0 0 6 3 12 15 12
7

2 0 11 3 12 6 13 7 15 8 3 0 6 11 3 12 11 15 15 0 0 6 3 12 15 12
14

2 0 11 3 12 6 14 7 15 8 3 0 6 11 3 12 11 15 15 0 0 6 3 12 15 12
13

2 0 11 3 12 6 15 7 3 8 6 0 7 11 3 12 11 15 15 0 0 6 3 12 15 12
7

2 0 11 3 12 6 13 7 15 9 3 0 6 11 3 12 11 15 15 0 0 6 3 12 15 12
14

2 0 11 3 12 6 14 7 15 9 3 0 6 11 3 12 11 15 15 0 0 6 3 12 15 12
13

2 0 11 3 12 6 15 7 3 9 6 0 7 11 3 12 11 15 15 0 0 6 3 12 15 12
7

2 0 11 3 12 6 13 7 15 10 3 0 6 11 3 12 11 15 15 0 0 6 3 12 15 12
14

2 0 11 3 12 6 14 7 15 10 3 0 6 11 3 12 11 15 15 0 0 6 3 12 15 12
13

1 0 2 4 3 5 8 7 15 9 1 12 3 13 8 0 12 7 13 15 8 0 15 1 0 7 7 12 12 8 15
6

1 0 3 4 8 5 10 7 15 9 1 12 3 13 8 0 12 7 13 15 8 0 15 1 0 7 7 12 12 8 15
6

1 0 3 4 8 5 11 7 15 9 1 12 3 13 8 0 12 7 13 15 8 0 15 1 0 7 7 12 12 8 15
6

1 0 3 4 8 5 14 7 15 9 1 12 3 13 8 0 12 7 13 15 8 0 15 1 0 7 7 12 12 8 15
6

1 0 3 4 8 5 15 7 1 9 3 12 4 13 8 0 12 7 13 15 8 0 15 1 0 7 7 12 12 8 15
6

1 0 3 4 8 5 15 7 1 9 3 12 5 13 8 0 12 7 13 15 8 0 15 1 0 7 7 12 12 8 15
6

1 0 3 4 8 5 15 7 1 9 3 12 8 13 9 0 12 7 13 15 8 0 15 1 0 7 7 12 12 8 15
6

1 0 3 4 8 5 15 7 1 9 3 12 8 13 12 0 13 7 3 15 8 0 15 1 0 7 7 12 12 8 15
6

1 0 3 4 8 5 15 7 1 9 3 12 8 13 12 0 13 7 8 15 13 0 15 1 0 7 7 12 12 8 15
6

1 0 3 4 8 5 15 7 1 9 3 12 8 13 12 0 13 7 8 15 15 0 0 1 1 7 7 12 12 8 15
6

1 0 2 4 3 6 8 7 15 9 1 12 3 13 8 0 12 7 13 15 8 0 15 1 0 7 7 12 12 8 15
5

1 0 3 4 8 6 10 7 15 9 1 12 3 13 8 0 12 7 13 15 8 0 15 1 0 7 7 12 12 8 15
5

1 0 3 4 8 6 11 7 15 9 1 12 3 13 8 0 12 7 13 15 8 0 15 1 0 7 7 12 12 8 15
5

1 0 3 4 8 6 14 7 15 9 1 12 3 13 8 0 12 7 13 15 8 0 15 1 0 7 7 12 12 8 15
5

1 0 3 4 8 6 15 7 1 9 3 12 4 13 8 0 12 7 13 15 8 0 15 1 0 7 7 12 12 8 15
5

1 0 3 4 8 6 15 7 1 9 3 12 6 13 8 0 12 7 13 15 8 0 15 1 0 7 7 12 12 8 15
5

1 0 3 4 8 6 15 7 1 9 3 12 8 13 9 0 12 7 13 15 8 0 15 1 0 7 7 12 12 8 15
5

1 0 3 4 8 6 15 7 1 9 3 12 8 13 12 0 13 7 3 15 8 0 15 1 0 7 7 12 12 8 15
5

1 0 3 4 8 6 15 7 1 9 3 12 8 13 12 0 13 7 8 15 13 0 15 1 0 7 7 12 12 8 15
5

1 0 3 4 8 6 15 7 1 9 3 12 8 13 12 0 13 7 8 15 15 0 0 1 1 7 7 12 12 8 15
5

0 2 1 4 3 7 5 12 8 0 11 1 15 2 3 11 7 12 0 15 7 2 12 11 2 0
10

9009c000c028208b 108910c1d064
0 2 1 5 3 6 7 12 13 14 3 15 5 0 14 6 15 7 14 12 15 0 0 3 3 7 15 12 12
10

9009c000c0282099 108910c1d064
0 2 3 5 4 6 7 12 13 14 3 15 5 0 14 6 15 7 14 12 15 0 0 3 3 7 15 12 12
10

9009c000c0282189 108910c1d064
0 2 3 5 7 6 8 12 13 14 3 15 5 0 14 6 15 7 14 12 15 0 0 3 3 7 15 12 12
10

9009c000c0282289 108910c1d064
0 2 3 5 7 6 9 12 13 14 3 15 5 0 14 6 15 7 14 12 15 0 0 3 3 7 15 12 12
10

9009c000c0282889 108910c1d064
0 2 3 5 7 6 11 12 13 14 3 15 5 0 14 6 15 7 14 12 15 0 0 3 3 7 15 12 12
10

9009c000c02c2089 108910c1d064
0 2 3 5 7 6 13 12 2 14 3 15 5 0 14 6 15 7 14 12 15 0 0 3 3 7 15 12 12
10

9009c000e0282089 108910c1d064
0 2 3 5 7 6 13 12 3 14 5 15 13 0 14 6 15 7 14 12 15 0 0 3 3 7 15 12 12
10

9009c020c0282089 108910c1d064
0 2 3 5 7 6 13 12 3 14 5 15 14 0 15 6 5 7 14 12 15 0 0 3 3 7 15 12 12
10

9009c040c0282089 108910c1d064
0 2 3 5 7 6 13 12 3 14 5 15 14 0 15 6 6 7 14 12 15 0 0 3 3 7 15 12 12
10

9089c000c0282089 108910c1d064
0 2 3 5 7 6 13 12 3 14 5 15 14 0 15 6 14 7 15 12 15 0 0 3 3 7 7 12 12
10

d009c000c0282089 108910c1d064
0 2 3 5 7 6 13 12 3 14 5 15 14 0 15 6 14 7 15 12 14 0 0 3 3 7 15 12 12
10

80010485340020cb a00080ad9434
0 2 1 4 3 5 6 10 7 12 13 15 10 0 12 2 13 3 0 5 2 7 7 15 10 13 0 15 15
1

800104853400218b a00080ad9434
0 2 1 4 3 5 7 10 8 12 13 15 10 0 12 2 13 3 0 5 2 7 7 15 10 13 0 15 15
1

800104853400228b a00080ad9434
0 2 1 4 3 5 7 10 9 12 13 15 10 0 12 2 13 3 0 5 2 7 7 15 10 13 0 15 15
1

800104853400608b a00080ad9434
0 2 1 4 3 5 7 10 13 12 14 15 10 0 12 2 13 3 0 5 2 7 7 15 10 13 0 15 15
1

800104853410208b a00080ad9434
0 2 1 4 3 5 7 10 13 12 4 15 10 0 12 2 13 3 0 5 2 7 7 15 10 13 0 15 15
1

8001048d3400208b a00080ad9434
0 2 1 4 3 5 7 10 13 12 10 15 12 0 13 2 0 3 2 5 3 7 7 15 10 13 0 15 15
1

800104a53400208b a00080ad9434
0 2 1 4 3 5 7 10 13 12 10 15 12 0 13 2 0 3 2 5 5 7 7 15 10 13 0 15 15
1

800114853400208b a00080ad9434
0 2 1 4 3 5 7 10 13 12 10 15 12 0 13 2 0 3 2 5 10 7 7 15 12 13 0 15 15
1

800504853400208b a00080ad9434
0 2 1 4 3 5 7 10 13 12 10 15 12 0 13 2 0 3 2 5 10 7 7 15 0 13 2 15 15
1

808104853400208b a00080ad9434
0 2 1 4 3 5 7 10 13 12 10 15 12 0 13 2 0 3 2 5 10 7 7 15 0 13 7 15 15
1

840104853400208b a00080ad9434
0 2 1 4 3 5 7 10 13 12 10 15 12 0 13 2 0 3 2 5 10 7 7 15 0 13 10 15 15
1

a00104853400208b a00080ad9434
0 2 1 4 3 5 7 10 13 12 10 15 12 0 13 2 0 3 2 5 10 7 7 15 0 13 13 15 15
1

800104853402208b a00880ad9434
0 2 1 4 3 5 7 10 13 12 1 15 10 0 12 2 13 3 0 5 2 7 7 15 10 3 0 15 15 13
3

840104853400208b a02080ad9434
0 2 1 4 3 5 7 10 13 12 10 15 12 0 13 2 0 3 2 5 10 7 7 15 0 5 10 15 15 13
5

900800018014170b 1901810098074
0 2 1 4 3 5 8 6 9 15 10 0 12 3 2 12 4 3 15 4 0 12 3 15 12 0 15
7

9008000180141e0b 1901810098074
0 2 1 4 3 5 9 6 10 15 11 0 12 3 2 12 4 3 15 4 0 12 3 15 12 0 15
7

900800018014360b 1901810098074
0 2 1 4 3 5 9 6 10 15 12 0 13 3 2 12 4 3 15 4 0 12 3 15 12 0 15
7

900800018014560b 1901810098074
0 2 1 4 3 5 9 6 10 15 12 0 14 3 2 12 4 3 15 4 0 12 3 15 12 0 15
7

900800018016160b 1901810098074
0 2 1 4 3 5 9 6 10 15 12 0 1 3 2 12 4 3 15 4 0 12 3 15 12 0 15
7

900800018034160b 1901810098074
0 2 1 4 3 5 9 6 10 15 12 0 2 3 4 12 5 3 15 4 0 12 3 15 12 0 15
7

900800018054160b 1901810098074
0 2 1 4 3 5 9 6 10 15 12 0 2 3 4 12 6 3 15 4 0 12 3 15 12 0 15
7

900800018214160b 1901810098074
0 2 1 4 3 5 9 6 10 15 12 0 2 3 4 12 9 3 15 4 0 12 3 15 12 0 15
7

900800018414160b 1901810098074
0 2 1 4 3 5 9 6 10 15 12 0 2 3 4 12 10 3 15 4 0 12 3 15 12 0 15
7

900800058014160b 1901810098074
0 2 1 4 3 5 9 6 10 15 12 0 2 3 4 12 15 3 0 4 2 12 3 15 12 0 15
7

901800018014160b 1901810098074
0 2 1 4 3 5 9 6 10 15 12 0 2 3 4 12 15 3 0 4 3 12 4 15 12 0 15
7

900800018014170b 19018100980d4
0 2 1 4 3 6 8 7 9 15 10 0 12 3 2 12 4 3 15 4 0 12 3 15 12 0 15
5

9008000180141e0b 19018100980d4
0 2 1 4 3 6 9 7 10 15 11 0 12 3 2 12 4 3 15 4 0 12 3 15 12 0 15
5

900800018014360b 19018100980d4
0 2 1 4 3 6 9 7 10 15 12 0 13 3 2 12 4 3 15 4 0 12 3 15 12 0 15
5

900800018014560b 19018100980d4
0 2 1 4 3 6 9 7 10 15 12 0 14 3 2 12 4 3 15 4 0 12 3 15 12 0 15
5

900800018016160b 19018100980d4
0 2 1 4 3 6 9 7 10 15 12 0 1 3 2 12 4 3 15 4 0 12 3 15 12 0 15
5

900800018054160b 19018100980d4
0 2 1 4 3 6 9 7 10 15 12 0 2 3 4 12 6 3 15 4 0 12 3 15 12 0 15
5

900800018094160b 19018100980d4
0 2 1 4 3 6 9 7 10 15 12 0 2 3 4 12 7 3 15 4 0 12 3 15 12 0 15
5

900800018214160b 19018100980d4
0 2 1 4 3 6 9 7 10 15 12 0 2 3 4 12 9 3 15 4 0 12 3 15 12 0 15
5

900800018414160b 19018100980d4
0 2 1 4 3 6 9 7 10 15 12 0 2 3 4 12 10 3 15 4 0 12 3 15 12 0 15
5

900800058014160b 19018100980d4
0 2 1 4 3 6 9 7 10 15 12 0 2 3 4 12 15 3 0 4 2 12 3 15 12 0 15
5

901800018014160b 19018100980d4
0 2 1 4 3 6 9 7 10 15 12 0 2 3 4 12 15 3 0 4 3 12 4 15 12 0 15
5

900800018014162b 1901810498054
0 2 1 4 3 6 5 15 9 0 10 3 12 6 2 12 4 3 15 4 0 12 3 15 12 0 15
9

900800018014168b 1901810498054
0 2 1 4 3 6 7 15 9 0 10 3 12 6 2 12 4 3 15 4 0 12 3 15 12 0 15
9

900800018014170b 1901810498054
0 2 1 4 3 6 8 15 9 0 10 3 12 6 2 12 4 3 15 4 0 12 3 15 12 0 15
9

9008000180141e0b 1901810498054
0 2 1 4 3 6 9 15 10 0 11 3 12 6 2 12 4 3 15 4 0 12 3 15 12 0 15
9

900800018014360b 1901810498054
0 2 1 4 3 6 9 15 10 0 12 3 13 6 2 12 4 3 15 4 0 12 3 15 12 0 15
9

900800018014560b 1901810498054
0 2 1 4 3 6 9 15 10 0 12 3 14 6 2 12 4 3 15 4 0 12 3 15 12 0 15
9

900800018016160b 1901810498054
0 2 1 4 3 6 9 15 10 0 12 3 1 6 2 12 4 3 15 4 0 12 3 15 12 0 15
9

900800018414160b 1901810498054
0 2 1 4 3 6 9 15 10 0 12 3 2 6 4 12 10 3 15 4 0 12 3 15 12 0 15
9

900800058014160b 1901810498054
0 2 1 4 3 6 9 15 10 0 12 3 2 6 4 12 15 3 0 4 2 12 3 15 12 0 15
9

900800418014160b 1901810498054
0 2 1 4 3 6 9 15 10 0 12 3 2 6 4 12 15 3 0 4 6 12 3 15 12 0 15
9

901800018014160b 1901810498054
0 2 1 4 3 6 9 15 10 0 12 3 2 6 4 12 15 3 0 4 3 12 4 15 12 0 15
9

900800018014162b 1901812098054
0 2 1 4 3 6 5 15 9 0 10 3 12 9 2 12 4 3 15 4 0 12 3 15 12 0 15
6

900800018014168b 1901812098054
0 2 1 4 3 6 7 15 9 0 10 3 12 9 2 12 4 3 15 4 0 12 3 15 12 0 15
6

900800018014170b 1901812098054
0 2 1 4 3 6 8 15 9 0 10 3 12 9 2 12 4 3 15 4 0 12 3 15 12 0 15
6

9008000180141e0b 1901812098054
0 2 1 4 3 6 9 15 10 0 11 3 12 9 2 12 4 3 15 4 0 12 3 15 12 0 15
6

900800018014360b 1901812098054
0 2 1 4 3 6 9 15 10 0 12 3 13 9 2 12 4 3 15 4 0 12 3 15 12 0 15
6

900800018014560b 1901812098054
0 2 1 4 3 6 9 15 10 0 12 3 14 9 2 12 4 3 15 4 0 12 3 15 12 0 15
6

900800018016160b 1901812098054
0 2 1 4 3 6 9 15 10 0 12 3 1 9 2 12 4 3 15 4 0 12 3 15 12 0 15
6

900800018414160b 1901812098054
0 2 1 4 3 6 9 15 10 0 12 3 2 9 4 12 10 3 15 4 0 12 3 15 12 0 15
6

900800058014160b 1901812098054
0 2 1 4 3 6 9 15 10 0 12 3 2 9 4 12 15 3 0 4 2 12 3 15 12 0 15
6

900802018014160b 1901812098054
0 2 1 4 3 6 9 15 10 0 12 3 2 9 4 12 15 3 0 4 9 12 3 15 12 0 15
6

901800018014160b 1901812098054
0 2 1 4 3 6 9 15 10 0 12 3 2 9 4 12 15 3 0 4 3 12 4 15 12 0 15
6

1102558809818 10000080802d40a7
3 0 4 1 11 2 12 5 15 7 7 14 11 0 12 2 14 3 0 5 2 15 5 7 12 12 0
1

1102558809848 10000080802d40a7
3 0 6 1 11 2 12 5 15 7 7 14 11 0 12 2 14 3 0 5 2 15 5 7 12 12 0
1

1102558809908 10000080802d40a7
3 0 8 1 11 2 12 5 15 7 7 14 11 0 12 2 14 3 0 5 2 15 5 7 12 12 0
1

1102558809a08 10000080802d40a7
3 0 9 1 11 2 12 5 15 7 7 14 11 0 12 2 14 3 0 5 2 15 5 7 12 12 0
1

110255880b808 10000080802d40a7
3 0 11 1 12 2 13 5 15 7 7 14 11 0 12 2 14 3 0 5 2 15 5 7 12 12 0
1

1102d58809808 10000080802d40a7
3 0 11 1 12 2 15 5 11 7 7 14 12 0 14 2 0 3 2 5 3 15 5 7 12 12 0
1

1182558809808 10000080802d40a7
3 0 11 1 12 2 15 5 11 7 7 14 12 0 14 2 0 3 2 5 5 15 11 7 12 12 0
1

1502558809808 10000080802d40a7
3 0 11 1 12 2 15 5 11 7 7 14 12 0 14 2 0 3 2 5 5 15 12 7 14 12 0
1

1902558809808 10000080802d40a7
3 0 11 1 12 2 15 5 11 7 7 14 12 0 14 2 0 3 2 5 5 15 12 7 15 12 0
1

5102558809808 10000080802d40a7
3 0 11 1 12 2 15 5 11 7 7 14 12 0 14 2 0 3 2 5 5 15 12 7 0 12 2
1

21102558809808 10000080802d40a7
3 0 11 1 12 2 15 5 11 7 7 14 12 0 14 2 0 3 2 5 5 15 12 7 0 12 5
1

81102558809808 10000080802d40a7
3 0 11 1 12 2 15 5 11 7 7 14 12 0 14 2 0 3 2 5 5 15 12 7 0 12 7
1

1102558809908 10000080802d40b5
3 0 8 2 11 4 12 5 15 7 7 14 11 0 12 2 14 3 0 5 2 15 5 7 12 12 0
6

1102558809a08 10000080802d40b5
3 0 9 2 11 4 12 5 15 7 7 14 11 0 12 2 14 3 0 5 2 15 5 7 12 12 0
6

110255880b808 10000080802d40b5
3 0 11 2 12 4 13 5 15 7 7 14 11 0 12 2 14 3 0 5 2 15 5 7 12 12 0
6

1102558909808 10000080802d40b5
3 0 11 2 12 4 15 5 4 7 7 14 11 0 12 2 14 3 0 5 2 15 5 7 12 12 0
6

1102d58809808 10000080802d40b5
3 0 11 2 12 4 15 5 11 7 7 14 12 0 14 2 0 3 2 5 3 15 5 7 12 12 0
6

1182558809808 10000080802d40b5
3 0 11 2 12 4 15 5 11 7 7 14 12 0 14 2 0 3 2 5 5 15 11 7 12 12 0
6

1502558809808 10000080802d40b5
3 0 11 2 12 4 15 5 11 7 7 14 12 0 14 2 0 3 2 5 5 15 12 7 14 12 0
6

1902558809808 10000080802d40b5
3 0 11 2 12 4 15 5 11 7 7 14 12 0 14 2 0 3 2 5 5 15 12 7 15 12 0
6

5102558809808 10000080802d40b5
3 0 11 2 12 4 15 5 11 7 7 14 12 0 14 2 0 3 2 5 5 15 12 7 0 12 2
6

21102558809808 10000080802d40b5
3 0 11 2 12 4 15 5 11 7 7 14 12 0 14 2 0 3 2 5 5 15 12 7 0 12 5
6

81102558809808 10000080802d40b5
3 0 11 2 12 4 15 5 11 7 7 14 12 0 14 2 0 3 2 5 5 15 12 7 0 12 7
6

1102558809818 10000080802d40e5
3 0 4 2 11 5 12 6 15 7 7 14 11 0 12 2 14 3 0 5 2 15 5 7 12 12 0
10

110255880980a 10000080802d41a5
1 0 3 2 11 5 12 7 15 8 7 14 11 0 12 2 14 3 0 5 2 15 5 7 12 12 0
1

1102558809c08 10000080802d41a5
3 0 10 2 11 5 12 7 15 8 7 14 11 0 12 2 14 3 0 5 2 15 5 7 12 12 0
10

110255880980a 10000080802d42a5
1 0 3 2 11 5 12 7 15 9 7 14 11 0 12 2 14 3 0 5 2 15 5 7 12 12 0
1

1102558809c08 10000080802d42a5
3 0 10 2 11 5 12 7 15 9 7 14 11 0 12 2 14 3 0 5 2 15 5 7 12 12 0
10

1102558809808 10000080802d44a5
3 0 11 2 12 5 15 7 7 10 11 14 12 0 14 2 0 3 2 5 5 15 12 7 0 12
10

1102558809848 10000080802d44a5
3 0 6 2 11 5 12 7 15 10 7 14 11 0 12 2 14 3 0 5 2 15 5 7 12 12 0
10

110255880980a 10000080802d60a5
1 0 3 2 11 5 12 7 15 13 7 14 11 0 12 2 14 3 0 5 2 15 5 7 12 12 0
1

1102558809c08 10000080802d60a5
3 0 10 2 11 5 12 7 15 13 7 14 11 0 12 2 14 3 0 5 2 15 5 7 12 12 0
10

110255880980a 10000088802d40a5
1 0 3 2 11 5 12 7 15 14 7 0 11 2 12 3 14 5 0 15 2 3 5 7 12 12 0
1

1102558809c08 10000088802d40a5
3 0 10 2 11 5 12 7 15 14 7 0 11 2 12 3 14 5 0 15 2 3 5 7 12 12 0
10

110255880980a 10000880802d40a5
1 0 3 2 11 5 12 7 15 14 7 0 11 2 12 3 14 5 0 15 2 7 5 11 12 12 0
1

1102558809c08 10000880802d40a5
3 0 10 2 11 5 12 7 15 14 7 0 11 2 12 3 14 5 0 15 2 7 5 11 12 12 0
10

800010002b087d08 e608d4008201
3 0 8 9 10 15 11 10 12 12 13 15 14 14 3 3 8 10 9 9 11 14 13 13 12 15 15
12

800010002b087d0c e608d4008203
2 0 3 1 8 9 10 15 11 10 12 12 13 15 14 14 3 3 8 10 9 9 11 14 13 13 12 15 15
12

800010002b087d18 e608d4008203
3 0 4 1 8 9 10 15 11 10 12 12 13 15 14 14 3 3 8 10 9 9 11 14 13 13 12 15 15
12

800010002b087d28 e608d4008203
3 0 5 1 8 9 10 15 11 10 12 12 13 15 14 14 3 3 8 10 9 9 11 14 13 13 12 15 15
12

800010002b087d48 e608d4008203
3 0 6 1 8 9 10 15 11 10 12 12 13 15 14 14 3 3 8 10 9 9 11 14 13 13 12 15 15
12

800010002b087d88 e608d4008203
3 0 7 1 8 9 10 15 11 10 12 12 13 15 14 14 3 3 8 10 9 9 11 14 13 13 12 15 15
12

800010002b097d08 e608d4008203
3 0 8 1 10 9 11 15 12 10 13 12 14 14 0 15 3 3 8 10 9 9 11 14 13 13 12 15 15
12

800010002b0a7d08 e608d4008203
3 0 8 1 10 9 11 15 12 10 13 12 14 14 1 15 3 3 8 10 9 9 11 14 13 13 12 15 15
12

800011002b087d08 e608d4008203
3 0 8 1 10 9 11 15 12 10 13 12 14 14 3 15 8 3 9 9 11 10 13 13 8 14 12 15 15
12

800018002b087d08 e608d4008203
3 0 8 1 10 9 11 15 12 10 13 12 14 14 3 15 8 3 9 9 11 10 13 13 11 14 12 15 15
12

800810002b087d08 e608d4008203
3 0 8 1 10 9 11 15 12 10 13 12 14 14 3 15 8 3 9 9 11 10 13 13 12 14 3 15 15
12

820010002b087d08 e608d4008203
3 0 8 1 10 9 11 15 12 10 13 12 14 14 3 15 8 3 9 9 11 10 13 13 12 14 9 15 15
12

840010002b087d08 e608d4008203
3 0 8 1 10 9 11 15 12 10 13 12 14 14 3 15 8 3 9 9 11 10 13 13 12 14 10 15 15
12

a00010002b087d08 e608d4008203
3 0 8 1 10 9 11 15 12 10 13 12 14 14 3 15 8 3 9 9 11 10 13 13 12 14 13 15 15
12

c00010002b087d08 e608d4008203
3 0 8 1 10 9 11 15 12 10 13 12 14 14 3 15 8 3 9 9 11 10 13 13 12 14 14 15 15
12

800010002b087d0a e608d4008205
1 0 3 2 8 9 10 15 11 10 12 12 13 15 14 14 3 3 8 10 9 9 11 14 13 13 12 15 15
12

800010002b087d18 e608d4008205
3 0 4 2 8 9 10 15 11 10 12 12 13 15 14 14 3 3 8 10 9 9 11 14 13 13 12 15 15
12

800010002b087d28 e608d4008205
3 0 5 2 8 9 10 15 11 10 12 12 13 15 14 14 3 3 8 10 9 9 11 14 13 13 12 15 15
12

800010002b087d48 e608d4008205
3 0 6 2 8 9 10 15 11 10 12 12 13 15 14 14 3 3 8 10 9 9 11 14 13 13 12 15 15
12

800010002b087d88 e608d4008205
3 0 7 2 8 9 10 15 11 10 12 12 13 15 14 14 3 3 8 10 9 9 11 14 13 13 12 15 15
12

800010002b097d08 e608d4008205
3 0 8 2 10 9 11 15 12 10 13 12 14 14 0 15 3 3 8 10 9 9 11 14 13 13 12 15 15
12

800010002b0c7d08 e608d4008205
3 0 8 2 10 9 11 15 12 10 13 12 14 14 2 15 3 3 8 10 9 9 11 14 13 13 12 15 15
12

800011002b087d08 e608d4008205
3 0 8 2 10 9 11 15 12 10 13 12 14 14 3 15 8 3 9 9 11 10 13 13 8 14 12 15 15
12

800018002b087d08 e608d4008205
3 0 8 2 10 9 11 15 12 10 13 12 14 14 3 15 8 3 9 9 11 10 13 13 11 14 12 15 15
12

800810002b087d08 e608d4008205
3 0 8 2 10 9 11 15 12 10 13 12 14 14 3 15 8 3 9 9 11 10 13 13 12 14 3 15 15
12

820010002b087d08 e608d4008205
3 0 8 2 10 9 11 15 12 10 13 12 14 14 3 15 8 3 9 9 11 10 13 13 12 14 9 15 15
12

840010002b087d08 e608d4008205
3 0 8 2 10 9 11 15 12 10 13 12 14 14 3 15 8 3 9 9 11 10 13 13 12 14 10 15 15
12

a00010002b087d08 e608d4008205
3 0 8 2 10 9 11 15 12 10 13 12 14 14 3 15 8 3 9 9 11 10 13 13 12 14 13 15 15
12

c00010002b087d08 e608d4008205
3 0 8 2 10 9 11 15 12 10 13 12 14 14 3 15 8 3 9 9 11 10 13 13 12 14 14 15 15
12

800010002b087d0a e608d4008211
1 0 3 4 8 9 10 15 11 10 12 12 13 15 14 14 3 3 8 10 9 9 11 14 13 13 12 15 15
12

800010002b087d0c e608d4008211
2 0 3 4 8 9 10 15 11 10 12 12 13 15 14 14 3 3 8 10 9 9 11 14 13 13 12 15 15
12

800010002b087d28 e608d4008211
3 0 5 4 8 9 10 15 11 10 12 12 13 15 14 14 3 3 8 10 9 9 11 14 13 13 12 15 15
12

800010002b087d48 e608d4008211
3 0 6 4 8 9 10 15 11 10 12 12 13 15 14 14 3 3 8 10 9 9 11 14 13 13 12 15 15
12

800010002b087d88 e608d4008211
3 0 7 4 8 9 10 15 11 10 12 12 13 15 14 14 3 3 8 10 9 9 11 14 13 13 12 15 15
12

800010002b097d08 e608d4008211
3 0 8 4 10 9 11 15 12 10 13 12 14 14 0 15 3 3 8 10 9 9 11 14 13 13 12 15 15
12

800010002b187d08 e608d4008211
3 0 8 4 10 9 11 15 12 10 13 12 14 14 3 15 4 3 8 10 9 9 11 14 13 13 12 15 15
12

800011002b087d08 e608d4008211
3 0 8 4 10 9 11 15 12 10 13 12 14 14 3 15 8 3 9 9 11 10 13 13 8 14 12 15 15
12

800018002b087d08 e608d4008211
3 0 8 4 10 9 11 15 12 10 13 12 14 14 3 15 8 3 9 9 11 10 13 13 11 14 12 15 15
12

800810002b087d08 e608d4008211
3 0 8 4 10 9 11 15 12 10 13 12 14 14 3 15 8 3 9 9 11 10 13 13 12 14 3 15 15
12

820010002b087d08 e608d4008211
3 0 8 4 10 9 11 15 12 10 13 12 14 14 3 15 8 3 9 9 11 10 13 13 12 14 9 15 15
12

840010002b087d08 e608d4008211
3 0 8 4 10 9 11 15 12 10 13 12 14 14 3 15 8 3 9 9 11 10 13 13 12 14 10 15 15
12

a00010002b087d08 e608d4008211
3 0 8 4 10 9 11 15 12 10 13 12 14 14 3 15 8 3 9 9 11 10 13 13 12 14 13 15 15
12

c00010002b087d08 e608d4008211
3 0 8 4 10 9 11 15 12 10 13 12 14 14 3 15 8 3 9 9 11 10 13 13 12 14 14 15 15
12

800010002b087d0a e608d4008221
1 0 3 5 8 9 10 15 11 10 12 12 13 15 14 14 3 3 8 10 9 9 11 14 13 13 12 15 15
12

800010002b087d0c e608d4008221
2 0 3 5 8 9 10 15 11 10 12 12 13 15 14 14 3 3 8 10 9 9 11 14 13 13 12 15 15
12

800010002b087d18 e608d4008221
3 0 4 5 8 9 10 15 11 10 12 12 13 15 14 14 3 3 8 10 9 9 11 14 13 13 12 15 15
12

800010002b087d48 e608d4008221
3 0 6 5 8 9 10 15 11 10 12 12 13 15 14 14 3 3 8 10 9 9 11 14 13 13 12 15 15
12

800010002b087d88 e608d4008221
3 0 7 5 8 9 10 15 11 10 12 12 13 15 14 14 3 3 8 10 9 9 11 14 13 13 12 15 15
12

800010002b097d08 e608d4008221
3 0 8 5 10 9 11 15 12 10 13 12 14 14 0 15 3 3 8 10 9 9 11 14 13 13 12 15 15
12

800010002b287d08 e608d4008221
3 0 8 5 10 9 11 15 12 10 13 12 14 14 3 15 5 3 8 10 9 9 11 14 13 13 12 15 15
12

800011002b087d08 e608d4008221
3 0 8 5 10 9 11 15 12 10 13 12 14 14 3 15 8 3 9 9 11 10 13 13 8 14 12 15 15
12

800018002b087d08 e608d4008221
3 0 8 5 10 9 11 15 12 10 13 12 14 14 3 15 8 3 9 9 11 10 13 13 11 14 12 15 15
12

800810002b087d08 e608d4008221
3 0 8 5 10 9 11 15 12 10 13 12 14 14 3 15 8 3 9 9 11 10 13 13 12 14 3 15 15
12

820010002b087d08 e608d4008221
3 0 8 5 10 9 11 15 12 10 13 12 14 14 3 15 8 3 9 9 11 10 13 13 12 14 9 15 15
12

840010002b087d08 e608d4008221
3 0 8 5 10 9 11 15 12 10 13 12 14 14 3 15 8 3 9 9 11 10 13 13 12 14 10 15 15
12

a00010002b087d08 e608d4008221
3 0 8 5 10 9 11 15 12 10 13 12 14 14 3 15 8 3 9 9 11 10 13 13 12 14 13 15 15
12

c00010002b087d08 e608d4008221
3 0 8 5 10 9 11 15 12 10 13 12 14 14 3 15 8 3 9 9 11 10 13 13 12 14 14 15 15
12

800010002b087d0a e608d4008241
1 0 3 6 8 9 10 15 11 10 12 12 13 15 14 14 3 3 8 10 9 9 11 14 13 13 12 15 15
12

800010002b087d0c e608d4008241
2 0 3 6 8 9 10 15 11 10 12 12 13 15 14 14 3 3 8 10 9 9 11 14 13 13 12 15 15
12

800010002b087d18 e608d4008241
3 0 4 6 8 9 10 15 11 10 12 12 13 15 14 14 3 3 8 10 9 9 11 14 13 13 12 15 15
12

800010002b087d28 e608d4008241
3 0 5 6 8 9 10 15 11 10 12 12 13 15 14 14 3 3 8 10 9 9 11 14 13 13 12 15 15
12

800010002b087d88 e608d4008241
3 0 7 6 8 9 10 15 11 10 12 12 13 15 14 14 3 3 8 10 9 9 11 14 13 13 12 15 15
12

800010002b097d08 e608d4008241
3 0 8 6 10 9 11 15 12 10 13 12 14 14 0 15 3 3 8 10 9 9 11 14 13 13 12 15 15
12

800010002b487d08 e608d4008241
3 0 8 6 10 9 11 15 12 10 13 12 14 14 3 15 6 3 8 10 9 9 11 14 13 13 12 15 15
12

800011002b087d08 e608d4008241
3 0 8 6 10 9 11 15 12 10 13 12 14 14 3 15 8 3 9 9 11 10 13 13 8 14 12 15 15
12

800018002b087d08 e608d4008241
3 0 8 6 10 9 11 15 12 10 13 12 14 14 3 15 8 3 9 9 11 10 13 13 11 14 12 15 15
12

800810002b087d08 e608d4008241
3 0 8 6 10 9 11 15 12 10 13 12 14 14 3 15 8 3 9 9 11 10 13 13 12 14 3 15 15
12

820010002b087d08 e608d4008241
3 0 8 6 10 9 11 15 12 10 13 12 14 14 3 15 8 3 9 9 11 10 13 13 12 14 9 15 15
12

840010002b087d08 e608d4008241
3 0 8 6 10 9 11 15 12 10 13 12 14 14 3 15 8 3 9 9 11 10 13 13 12 14 10 15 15
12

a00010002b087d08 e608d4008241
3 0 8 6 10 9 11 15 12 10 13 12 14 14 3 15 8 3 9 9 11 10 13 13 12 14 13 15 15
12

c00010002b087d08 e608d4008241
3 0 8 6 10 9 11 15 12 10 13 12 14 14 3 15 8 3 9 9 11 10 13 13 12 14 14 15 15
12

800010002b087d0a e608d4008281
1 0 3 7 8 9 10 15 11 10 12 12 13 15 14 14 3 3 8 10 9 9 11 14 13 13 12 15 15
12

800010002b087d0c e608d4008281
2 0 3 7 8 9 10 15 11 10 12 12 13 15 14 14 3 3 8 10 9 9 11 14 13 13 12 15 15
12

800010002b087d18 e608d4008281
3 0 4 7 8 9 10 15 11 10 12 12 13 15 14 14 3 3 8 10 9 9 11 14 13 13 12 15 15
12

800010002b087d28 e608d4008281
3 0 5 7 8 9 10 15 11 10 12 12 13 15 14 14 3 3 8 10 9 9 11 14 13 13 12 15 15
12

800010002b087d48 e608d4008281
3 0 6 7 8 9 10 15 11 10 12 12 13 15 14 14 3 3 8 10 9 9 11 14 13 13 12 15 15
12

800010002b097d08 e608d4008281
3 0 8 7 10 9 11 15 12 10 13 12 14 14 0 15 3 3 8 10 9 9 11 14 13 13 12 15 15
12

800010002b887d08 e608d4008281
3 0 8 7 10 9 11 15 12 10 13 12 14 14 3 15 7 3 8 10 9 9 11 14 13 13 12 15 15
12

800011002b087d08 e608d4008281
3 0 8 7 10 9 11 15 12 10 13 12 14 14 3 15 8 3 9 9 11 10 13 13 8 14 12 15 15
12

800018002b087d08 e608d4008281
3 0 8 7 10 9 11 15 12 10 13 12 14 14 3 15 8 3 9 9 11 10 13 13 11 14 12 15 15
12

800810002b087d08 e608d4008281
3 0 8 7 10 9 11 15 12 10 13 12 14 14 3 15 8 3 9 9 11 10 13 13 12 14 3 15 15
12

820010002b087d08 e608d4008281
3 0 8 7 10 9 11 15 12 10 13 12 14 14 3 15 8 3 9 9 11 10 13 13 12 14 9 15 15
12

840010002b087d08 e608d4008281
3 0 8 7 10 9 11 15 12 10 13 12 14 14 3 15 8 3 9 9 11 10 13 13 12 14 10 15 15
12

a00010002b087d08 e608d4008281
3 0 8 7 10 9 11 15 12 10 13 12 14 14 3 15 8 3 9 9 11 10 13 13 12 14 13 15 15
12

c00010002b087d08 e608d4008281
3 0 8 7 10 9 11 15 12 10 13 12 14 14 3 15 8 3 9 9 11 10 13 13 12 14 14 15 15
12

800010002b087d0a e608d4018201
1 0 3 9 8 15 10 0 11 10 12 12 13 15 14 14 3 3 8 10 9 9 11 14 13 13 12 15 15
12

800010002b087d0c e608d4018201
2 0 3 9 8 15 10 0 11 10 12 12 13 15 14 14 3 3 8 10 9 9 11 14 13 13 12 15 15
12

800010002b087d18 e608d4018201
3 0 4 9 8 15 10 0 11 10 12 12 13 15 14 14 3 3 8 10 9 9 11 14 13 13 12 15 15
12

800010002b087d48 e608d4018201
3 0 6 9 8 15 10 0 11 10 12 12 13 15 14 14 3 3 8 10 9 9 11 14 13 13 12 15 15
12

800010002b087d88 e608d4018201
3 0 7 9 8 15 10 0 11 10 12 12 13 15 14 14 3 3 8 10 9 9 11 14 13 13 12 15 15
12

800010012b087d08 e608d4018201
3 0 8 9 10 15 11 0 12 10 13 12 14 14 3 15 8 3 9 9 11 10 13 13 0 14 12 15 15
12

800011002b087d08 e608d4018201
3 0 8 9 10 15 11 0 12 10 13 12 14 14 3 15 8 3 9 9 11 10 13 13 8 14 12 15 15
12

800018002b087d08 e608d4018201
3 0 8 9 10 15 11 0 12 10 13 12 14 14 3 15 8 3 9 9 11 10 13 13 11 14 12 15 15
12

800810002b087d08 e608d4018201
3 0 8 9 10 15 11 0 12 10 13 12 14 14 3 15 8 3 9 9 11 10 13 13 12 14 3 15 15
12

820010002b087d08 e608d4018201
3 0 8 9 10 15 11 0 12 10 13 12 14 14 3 15 8 3 9 9 11 10 13 13 12 14 9 15 15
12

840010002b087d08 e608d4018201
3 0 8 9 10 15 11 0 12 10 13 12 14 14 3 15 8 3 9 9 11 10 13 13 12 14 10 15 15
12

a00010002b087d08 e608d4018201
3 0 8 9 10 15 11 0 12 10 13 12 14 14 3 15 8 3 9 9 11 10 13 13 12 14 13 15 15
12

c00010002b087d08 e608d4018201
3 0 8 9 10 15 11 0 12 10 13 12 14 14 3 15 8 3 9 9 11 10 13 13 12 14 14 15 15
12

800018002b087d08 e708d4008201
3 0 8 9 10 15 11 10 12 12 13 15 14 14 3 3 8 8 9 9 11 10 13 13 11 14 12 15 15
12

900010002b087d08 e708d4008201
3 0 8 9 10 15 11 10 12 12 13 15 14 14 3 3 8 8 9 9 11 10 13 13 12 14 12 15 15
11

800011002b087d08 ee08d4008201
3 0 8 9 10 15 11 10 12 12 13 15 14 14 3 3 8 10 9 9 11 11 13 13 8 14 12 15 15
12

900010002b087d08 ee08d4008201
3 0 8 9 10 15 11 10 12 12 13 15 14 14 3 3 8 10 9 9 11 11 13 13 12 14 12 15 15
8

9081900810028809 8008380893082
0 1 3 7 11 12 15 13 1 0 12 3 3 7 12 15 15 0 0 1 12 7 7 3 15
11

9081900810028029 8008380893086
0 1 3 2 5 7 15 12 1 13 12 0 12 3 3 7 12 15 15 0 0 1 15 7 7 3
10

9081900810028409 8008380893086
0 1 3 2 10 7 15 12 1 13 12 0 12 3 3 7 12 15 15 0 0 1 15 7 7 3
5

9081900810028029 8008380893092
0 1 3 4 5 7 15 12 1 13 12 0 12 3 3 7 12 15 15 0 0 1 15 7 7 3
10

9081900810028409 8008380893092
0 1 3 4 10 7 15 12 1 13 12 0 12 3 3 7 12 15 15 0 0 1 15 7 7 3
5

9081900810028029 80083808930c2
0 1 3 6 5 7 15 12 1 13 12 0 12 3 3 7 12 15 15 0 0 1 15 7 7 3
10

9081900810028409 80083808930c2
0 1 3 6 10 7 15 12 1 13 12 0 12 3 3 7 12 15 15 0 0 1 15 7 7 3
5

9081900810028029 8008380893182
0 1 3 7 5 8 15 12 1 13 12 0 12 3 3 7 12 15 15 0 0 1 15 7 7 3
10

9081900810028409 8008380893182
0 1 3 7 10 8 15 12 1 13 12 0 12 3 3 7 12 15 15 0 0 1 15 7 7 3
5

9081900810028029 8008380893282
0 1 3 7 5 9 15 12 1 13 12 0 12 3 3 7 12 15 15 0 0 1 15 7 7 3
10

9081900810028409 8008380893282
0 1 3 7 10 9 15 12 1 13 12 0 12 3 3 7 12 15 15 0 0 1 15 7 7 3
5

9081900810028029 8008380893882
0 1 3 7 5 11 15 12 1 13 12 0 12 3 3 7 12 15 15 0 0 1 15 7 7 3
10

9081900810028409 8008380893882
0 1 3 7 10 11 15 12 1 13 12 0 12 3 3 7 12 15 15 0 0 1 15 7 7 3
5

9081900810028029 8008380897082
0 1 3 7 5 12 15 13 1 14 12 0 12 3 3 7 12 15 15 0 0 1 15 7 7 3
10

9081900810028409 8008380897082
0 1 3 7 10 12 15 13 1 14 12 0 12 3 3 7 12 15 15 0 0 1 15 7 7 3
5

9081900810028029 8008380a93082
0 1 3 7 5 12 15 13 1 0 12 3 3 5 12 7 12 15 15 0 0 1 15 7 7 3
10

9081900810028409 8008384893082
0 1 3 7 10 12 15 13 1 0 12 3 3 7 12 10 12 15 15 0 0 1 15 7 7 3
5

9081900810028029 80083a0893082
0 1 3 7 5 12 15 13 1 0 12 3 3 7 12 13 12 15 15 0 0 1 15 7 7 3
10

9081900810028409 80083a0893082
0 1 3 7 10 12 15 13 1 0 12 3 3 7 12 13 12 15 15 0 0 1 15 7 7 3
5

