0 5 3 11 4 12 14 15 0 3 4 0 11 3 12 4 14 11 15 12 15 14 11 0 12 3 14 15
2 1 10 6 10 5 6 2 10

0 6 3 7 4 11 8 12 10 15 13 3 14 7 6 13 10 14 11 6 12 10 15 13 7 14 11 7
1 2 5 9 8 9 0 4 5

0 4 3 9 8 12 11 15 13 11 0 12 3 13 9 15 9 0 11 3 12 3 13 9 15 12 13 15
1 2 2 1 5 5 1 5 0

0 2 3 11 4 12 7 15 8 0 9 2 4 3 7 9 12 11 0 9 3 7 3 11 11
14 13 6 10 10 8 8 10 8

0 2 3 4 7 5 9 12 3 15 4 0 5 2 7 0 15 3 2 4 2 5 3 7 7 15 15
14 13 10 6 6 6 0 10 10

0 2 3 4 7 5 3 12 4 15 5 0 7 2 12 0 15 3 2 4 2 5 3 7 7 15 15
14 13 10 6 6 6 0 10 10

0 2 3 4 7 5 3 12 4 15 5 0 7 2 15 0 2 3 2 4 3 5 4 7 7 15 15
14 13 10 6 6 6 0 10 10

0 2 3 4 7 5 3 12 4 15 5 0 7 2 15 0 2 3 2 4 3 5 5 7 7 15 15
14 13 10 6 6 6 0 10 10

0 1 3 5 4 8 9 10 0 12 1 15 3 12 5 15 10 0 10 1 0 3 1 5 3 12 12
13 14 13 14 13 13 14 15 15

0 2 3 4 7 5 3 12 4 15 5 0 7 2 15 0 2 3 0 4 2 5 3 7 7 15 15
14 13 10 6 6 6 14 10 10

