0 2 3 11 8 12 10 15 14 0 3 8 10 11 12 14 0 15 8 3 11 12 15 0 11 3 15 12
10 10 5 5 5

0 7 3 8 4 12 9 15 10 3 11 4 0 9 7 12 10 0 15 10 3 15 9 0 12 3 15 9
1 2 5 13 5

0 7 3 8 4 12 9 15 10 3 11 4 0 9 7 12 10 0 15 10 3 15 9 0 12 3 15 10
1 2 5 13 5

0 7 3 8 4 12 9 15 10 3 11 4 0 9 7 12 10 0 15 10 3 15 9 0 12 3 15 12
1 2 5 13 5

0 1 3 12 8 15 11 11 14 14 0 15 1 0 3 1 8 3 12 8 14 12 15 3 0 12 8 14
10 9 2 6 2

0 1 3 12 8 15 11 11 14 14 0 15 1 0 3 1 8 3 12 8 14 12 15 3 0 12 8 15
10 9 2 6 2

0 4 3 7 6 11 13 12 0 15 3 11 4 12 6 13 7 15 12 0 13 6 15 7 6 12 13 15
1 2 5 9 5

0 1 3 12 5 15 7 0 8 3 11 5 13 7 14 8 15 12 0 13 3 14 5 8 14 13 15 0
10 9 6 2 4

0 1 3 12 5 15 7 0 8 3 11 5 13 8 14 11 15 12 0 13 3 14 5 8 14 13 15 0
10 9 6 2 4

0 1 3 12 5 15 7 0 8 3 11 5 13 8 14 12 15 13 0 14 3 8 5 13 14 0 15 3
10 9 6 2 4

0 1 3 12 5 15 7 0 8 3 11 5 13 8 14 12 15 13 0 14 3 8 5 13 14 0 15 5
10 9 6 2 4

0 1 3 12 5 15 7 0 8 3 11 5 13 8 14 12 15 13 0 14 3 8 5 13 14 0 15 8
10 9 6 2 4

0 1 3 12 5 15 7 0 8 3 11 5 13 8 14 12 15 13 0 14 3 8 5 13 14 0 15 13
10 9 6 2 4

0 1 3 12 5 15 7 0 8 3 11 5 13 8 14 12 15 13 0 14 3 8 5 13 14 0 15 14
10 9 6 2 4

0 1 3 12 5 15 7 0 8 3 11 5 13 8 14 12 15 13 0 14 3 8 5 13 14 0 15 15
10 9 6 2 4

0 1 3 12 5 15 7 0 14 1 3 0 5 3 7 5 12 7 14 14 15 15 12 0 3 5 7 15
4 6 6 4 6

0 4 3 10 7 12 8 15 9 0 14 7 3 8 9 3 12 7 14 9 15 12 0 14 3 15 12 0
1 2 13 5 13

0 4 3 12 6 15 7 0 8 6 13 8 3 3 7 6 12 7 13 12 15 13 0 15 12 0 15 3
2 1 14 10 14

0 2 3 10 7 12 8 15 9 0 13 15 2 0 3 2 8 3 9 8 12 9 13 12 15 0 12 2
5 1 6 4 6

0 2 3 11 7 12 8 15 9 0 13 15 2 0 3 2 8 3 9 8 12 9 13 12 15 0 12 2
5 1 6 4 6

0 4 3 5 9 12 11 15 13 3 0 9 4 11 5 0 12 3 13 4 15 5 12 15 0 3 12
7 6 6 6 4

0 5 3 7 4 11 6 12 13 15 5 0 15 3 3 4 4 6 5 12 6 0 12 3 15 12 15
8 8 9 10 9

0 5 3 7 4 11 6 12 14 15 5 0 15 3 3 4 4 6 5 12 6 0 12 3 15 12 15
8 8 9 10 9

0 1 3 4 5 12 8 15 13 4 0 0 1 1 3 3 5 5 12 12 13 13 15 15 1 12 15
4 4 8 8 0

0 1 3 4 5 12 8 15 13 4 0 0 1 1 3 3 5 5 12 12 13 13 15 15 3 12 15
4 4 8 8 0

0 1 3 4 5 12 8 15 13 4 0 0 1 1 3 3 5 5 12 12 13 13 15 15 5 12 15
4 4 8 8 0

0 1 3 4 5 12 8 15 13 4 0 0 1 1 3 3 5 5 12 12 13 13 15 15 13 12 15
4 4 8 8 0

0 4 3 6 8 10 14 12 10 15 12 3 15 4 3 6 4 8 6 15 8 4 12 8 3 12 15
7 5 5 7 5

0 1 3 4 7 6 14 11 0 12 1 13 3 15 4 12 6 0 15 1 12 3 15 4 3 0 12
9 5 8 10 8

0 1 2 6 3 7 4 12 11 15 3 0 4 12 6 15 7 0 12 3 15 4 0 6 12 3 15
13 14 9 5 9

0 1 3 6 4 7 8 12 11 15 3 0 4 12 6 15 7 0 12 3 15 4 0 6 12 3 15
13 14 9 5 9

0 1 3 6 4 7 10 12 11 15 3 0 4 12 6 15 7 0 12 3 15 4 0 6 12 3 15
13 14 9 5 9

0 1 3 6 4 7 11 12 1 15 3 0 4 12 6 15 7 0 12 3 15 4 0 6 12 3 15
13 14 9 5 9

0 1 3 6 4 7 11 12 3 15 4 0 6 12 7 15 7 0 12 3 15 4 0 6 12 3 15
13 14 9 5 9

0 1 3 6 4 7 11 12 3 15 4 0 6 12 7 15 12 0 15 3 0 4 4 6 12 3 15
13 14 9 5 9

0 1 3 6 4 7 11 12 3 15 4 0 6 12 7 15 12 0 15 3 0 4 12 6 6 3 15
13 14 9 5 9

0 2 3 5 7 6 8 11 10 12 14 15 0 6 2 8 3 0 7 2 10 3 12 10 8 3 0
6 6 14 14 14

0 2 1 6 3 7 10 8 11 9 14 12 1 15 2 0 7 8 12 10 14 15 0 7 2 10 2 0
1 1 3 3 3

0 2 3 10 7 12 9 15 13 0 12 2 13 3 15 7 0 9 2 7 3 9 12 13 13 15 15 12
5 1 1 1 3

0 2 3 12 7 15 9 0 13 2 12 3 13 7 15 9 0 7 2 9 3 13 12 15 13 0 15 12
5 1 1 1 3

0 1 3 11 8 12 9 15 14 0 9 1 14 3 0 8 1 11 3 12 8 15 12 14 8 0 12 3
9 9 6 6 6

0 12 3 13 4 15 5 4 14 0 14 5 0 8 5 13 8 15 13 4 14 13 15 15 4 14
2 1 6 7 10

0 1 3 4 8 7 9 12 14 15 0 3 8 7 9 12 3 14 7 15 12 0 14 9 15 3 15 12
10 11 11 10 11

0 2 3 4 8 7 9 12 14 15 0 3 8 7 9 12 3 14 7 15 12 0 14 9 15 3 15 12
10 11 11 10 11

0 4 3 5 9 12 11 15 13 3 0 9 4 11 5 0 12 3 13 4 15 5 9 15 12 3 12
7 6 6 6 4

0 1 3 4 5 11 13 12 0 15 1 3 5 4 12 11 15 0 3 5 11 12 15 0 12 3 15
4 4 8 8 8

0 1 3 4 5 11 14 12 0 15 1 3 5 4 12 11 15 0 3 5 11 12 15 0 12 3 15
4 4 8 8 8

0 1 3 8 4 11 10 12 0 15 1 0 3 1 4 3 10 10 11 11 15 15 1 0 3 11 10
13 14 9 5 9

0 1 3 8 4 11 10 12 0 15 1 0 3 1 4 3 10 10 11 11 15 15 3 0 10 11 15
13 14 9 5 9

0 1 3 8 5 11 7 12 0 15 1 3 5 8 15 12 1 0 3 5 8 15 12 1 0 8 3
13 14 9 10 9

0 2 3 4 8 5 14 9 2 12 12 15 14 3 15 5 3 8 5 9 9 14 12 3 15 5 12
1 13 13 1 15

0 2 3 4 5 7 0 9 2 11 3 12 4 15 9 0 12 2 0 3 2 4 3 9 4 12 12
14 13 10 6 8

0 2 3 4 7 8 13 9 0 12 2 15 3 0 7 2 9 3 12 7 15 15 9 2 12 12 0
10 11 11 11 3

0 2 3 4 7 8 14 9 0 12 2 15 3 0 7 2 9 3 12 7 15 15 9 2 12 12 0
10 11 11 11 3

0 2 3 4 7 8 0 9 2 12 3 15 7 0 9 2 12 3 15 7 9 15 12 2 0 12 3
14 13 10 6 11

0 2 3 4 7 8 0 9 2 12 3 15 7 0 9 2 12 3 15 7 9 15 12 2 0 12 15
14 13 10 6 11

0 5 3 12 4 15 7 0 9 3 14 7 4 9 3 12 7 14 9 15 12 0 15 4 4 0 12 3
2 1 10 6 6

0 5 3 11 7 12 9 13 14 15 5 3 7 9 11 12 14 3 9 7 12 11 11 14 12 3 14 9
2 1 10 6 6

0 5 3 11 7 12 9 15 14 0 5 3 7 9 11 12 14 3 9 7 12 11 11 14 12 3 14 9
2 1 10 6 6

0 5 3 11 7 12 9 15 14 3 5 9 7 12 11 3 14 5 9 7 12 11 11 14 12 3 14 9
2 1 10 6 6

0 4 3 5 8 9 11 10 0 12 3 15 8 11 9 12 12 15 12 0 0 8 9 8 11 11
1 2 2 1 1

0 4 3 5 8 9 11 12 0 15 3 5 8 11 9 12 12 15 12 0 0 8 9 8 11 11
1 2 2 1 1

0 4 3 5 8 9 11 12 0 15 3 11 8 12 9 15 12 0 0 3 12 8 8 9 9 11 11 3
1 2 2 1 1

0 2 3 6 7 12 9 15 13 0 12 2 13 3 15 7 0 9 2 7 3 9 12 13 13 15 15 12
5 1 1 1 3

0 4 3 9 7 11 8 12 14 15 0 12 4 14 8 15 9 4 11 8 12 9 14 11 15 8 11 12
2 1 6 10 10

0 1 3 11 5 12 10 15 13 0 14 3 10 5 12 11 0 13 5 14 11 15 15 3 11 10 15 3
6 2 4 7 7

0 8 3 12 10 15 13 0 0 3 3 8 8 10 10 12 12 13 3 15 15 13 8 0 10 12 15 13
1 2 9 5 5

0 1 3 2 6 8 7 12 10 15 11 0 3 10 6 11 7 12 8 15 0 7 10 0 15 10 7 15
6 6 4 5 5

0 10 3 12 6 15 7 0 8 7 9 8 11 11 14 12 3 14 10 15 0 3 7 0 8 8 12 12
1 2 5 4 13

0 2 3 12 5 15 6 3 10 6 11 11 0 12 5 15 10 3 12 5 15 6 6 11 11 3 12 15
10 10 8 9 9

0 11 3 12 4 15 7 0 9 4 10 9 3 10 7 11 0 12 4 15 10 7 12 9 15 0 7 15
2 1 6 5 14

0 11 3 12 4 15 7 0 10 4 13 7 11 10 0 12 4 13 7 15 12 11 13 7 15 11 12 15
2 1 6 5 14

0 10 3 12 7 15 8 0 9 3 7 9 8 10 0 12 3 15 10 7 12 8 15 9 12 0 15 3
1 2 13 5 5

0 10 3 12 7 15 8 0 9 3 7 9 8 10 0 12 3 15 10 7 12 9 15 0 12 3 15 7
1 2 13 5 5

0 10 3 12 7 15 8 0 9 3 7 9 8 10 0 12 3 15 10 7 12 9 15 0 12 3 15 9
1 2 13 5 5

0 10 3 12 7 15 8 0 9 3 7 9 8 10 0 12 3 15 10 7 12 9 15 0 12 3 15 10
1 2 13 5 5

0 2 3 6 8 12 10 15 13 0 15 2 0 3 2 8 3 12 12 13 13 8 2 15 3 0 12 15
9 11 5 1 1

0 2 3 7 8 12 10 15 13 0 15 2 0 3 2 8 3 12 12 13 13 8 2 15 3 0 12 15
9 11 5 1 1

0 2 3 12 8 14 10 15 13 0 15 2 0 3 2 8 3 12 12 13 13 8 2 15 3 0 12 15
9 11 5 1 1

0 2 3 12 8 15 10 0 13 2 15 3 0 8 2 10 3 12 12 13 13 8 2 15 3 0 12 15
9 11 5 1 1

0 2 3 12 8 15 10 0 13 2 15 3 0 8 2 12 3 13 12 8 13 15 2 0 3 8 12 15
9 11 5 1 1

0 2 3 12 8 15 10 0 13 2 15 3 0 8 2 12 3 13 12 8 13 15 2 0 3 13 12 15
9 11 5 1 1

0 1 3 12 4 13 5 15 8 4 14 14 0 0 5 5 8 8 13 13 15 14 4 15 13 0 15 14
6 7 2 10 10

0 7 3 12 4 13 5 15 8 4 14 14 0 0 5 5 8 8 13 13 15 14 4 15 13 0 15 14
2 1 6 10 10

0 1 3 12 4 15 5 3 8 4 11 5 13 8 14 11 0 15 1 0 12 1 13 3 11 5 3 13
10 9 6 2 7

0 6 3 7 5 12 8 15 11 0 5 3 7 8 11 12 15 0 3 5 7 11 8 15 8 0 15 3
1 2 9 10 13

0 7 3 12 5 15 8 0 11 3 5 8 7 12 11 0 15 5 3 11 7 15 8 0 8 3 15 5
1 2 9 10 13

0 7 3 12 5 15 8 0 11 3 5 8 7 12 11 0 15 5 3 11 7 15 8 0 8 3 15 7
1 2 9 10 13

0 7 3 12 5 15 8 0 11 3 5 8 7 12 11 0 15 5 3 11 7 15 8 0 8 3 15 11
1 2 9 10 13

0 6 3 7 8 12 10 15 13 0 10 3 0 7 7 8 8 12 12 13 13 15 15 3 15 10 10 0
1 2 9 5 11

0 7 3 12 8 15 10 0 13 3 10 7 0 8 7 12 8 13 12 15 13 3 15 10 10 0 15 3
1 2 9 5 11

0 7 3 12 8 15 10 0 13 3 10 7 0 8 7 12 8 13 12 15 13 3 15 10 10 0 15 7
1 2 9 5 11

0 7 3 12 8 15 10 0 13 3 10 7 0 8 7 12 8 13 12 15 13 3 15 10 10 0 15 8
1 2 9 5 11

0 7 3 12 8 15 10 0 13 3 10 7 0 8 7 12 8 13 12 15 13 3 15 10 10 0 15 12
1 2 9 5 11

0 7 3 12 8 15 10 0 13 3 10 7 0 8 7 12 8 13 12 15 13 3 15 10 10 0 15 13
1 2 9 5 11

0 2 3 11 4 12 6 15 9 0 10 6 4 9 12 10 0 11 10 15 15 4 0 9 12 12
7 5 5 5 15

0 4 3 12 6 15 8 3 11 6 13 11 0 12 8 13 3 15 12 0 13 6 15 8 6 11 12 15
2 1 10 9 14

0 6 3 12 4 15 7 0 8 3 10 7 13 10 14 12 4 15 8 3 0 4 7 8 15 0 8 3
1 2 9 5 11

0 7 3 11 6 12 8 15 9 3 0 0 8 3 9 8 11 9 12 11 15 12 3 15 9 0 12 8
2 1 14 10 10

0 1 3 4 7 5 8 12 11 15 14 5 3 8 4 11 12 3 15 4 5 8 4 12 5 3 12 8
6 6 10 2 9

0 4 3 5 7 9 8 12 11 15 14 5 3 8 4 11 12 3 15 4 5 8 4 12 5 3 12 8
6 6 2 1 10

0 1 3 8 7 12 10 15 14 0 3 8 7 10 15 12 8 0 10 3 12 7 15 0 10 3 15 12
6 2 5 4 5

0 9 3 11 5 12 7 13 8 15 14 0 11 5 13 7 14 8 0 12 5 15 11 7 13 14 15 0
2 1 6 4 10

0 11 3 12 5 13 7 15 8 0 14 3 11 5 13 7 14 8 0 12 5 15 11 7 13 14 15 0
2 1 6 4 10

0 11 3 12 5 13 7 15 8 0 14 5 11 7 13 8 14 12 0 15 5 7 11 8 13 14 15 0
2 1 6 4 10

0 11 3 12 5 13 7 15 8 0 14 5 11 7 13 8 14 12 0 15 5 7 11 14 13 0 15 5
2 1 6 4 10

0 11 3 12 5 13 7 15 8 0 14 5 11 7 13 8 14 12 0 15 5 7 11 14 13 0 15 7
2 1 6 4 10

0 11 3 12 5 13 7 15 8 0 14 5 11 7 13 8 14 12 0 15 5 7 11 14 13 0 15 11
2 1 6 4 10

0 11 3 12 5 13 7 15 8 0 14 5 11 7 13 8 14 12 0 15 5 7 11 14 13 0 15 13
2 1 6 4 10

0 11 3 12 5 13 7 15 8 0 14 5 11 7 13 8 14 12 0 15 5 7 11 14 13 0 15 14
2 1 6 4 10

0 11 3 12 5 13 7 15 8 0 14 5 11 7 13 8 14 12 0 15 5 7 11 14 13 0 15 15
2 1 6 4 10

0 5 3 7 4 9 6 11 13 12 3 15 12 0 13 9 15 11 0 3 9 13 11 3 12 9 15 12
2 1 10 14 14

0 7 3 9 4 11 6 12 13 15 3 0 12 4 13 9 15 11 0 3 9 13 11 3 12 9 15 12
2 1 10 14 14

0 7 3 9 4 11 6 12 13 15 3 0 12 9 13 11 15 3 0 13 9 0 11 3 12 9 15 12
2 1 10 14 14

0 7 3 9 4 11 6 12 13 15 3 0 12 9 13 11 15 3 0 13 9 3 11 9 12 11 15 12
2 1 10 14 14

0 7 3 9 4 11 6 12 13 15 3 0 12 9 13 11 15 3 0 13 9 3 11 9 12 12 15 13
2 1 10 14 14

0 7 3 9 4 11 6 12 13 15 3 0 12 9 13 11 15 3 0 13 9 3 11 9 12 12 15 15
2 1 10 14 14

0 9 3 12 8 15 11 0 13 8 14 9 3 11 14 12 15 13 0 3 8 13 9 14 11 0 8 11
2 1 6 10 10

0 9 3 12 8 15 11 0 13 8 14 9 3 11 14 12 15 13 0 3 8 13 9 14 11 3 8 11
2 1 6 10 10

0 9 3 12 5 15 7 0 8 7 13 8 14 12 5 14 15 5 0 7 12 8 14 0 15 8 15 12
2 1 6 4 10

0 5 3 6 4 10 8 11 13 12 0 15 3 5 5 11 11 12 12 13 13 15 15 0 12 3 3 15
2 1 1 2 2

0 1 3 11 5 12 8 15 9 0 5 8 9 11 15 12 8 0 11 5 12 9 11 15 12 0 15 8
7 7 6 4 4

0 1 3 4 11 6 0 8 1 12 3 15 8 6 11 0 15 1 6 3 15 8 3 0 8 6 15
13 14 5 7 9

0 2 3 5 9 7 0 8 2 12 3 15 5 0 7 2 8 3 12 5 15 12 8 15 0 12 15
14 13 6 4 10

0 2 3 5 0 7 2 8 3 12 5 15 7 0 8 2 12 3 15 5 7 12 8 15 0 12 15
14 13 6 4 10

0 2 3 5 0 7 2 8 3 12 5 15 7 0 8 2 12 3 15 5 8 12 0 15 2 12 15
14 13 6 4 10

0 2 3 5 0 7 2 8 3 12 5 15 7 0 8 2 12 3 15 5 8 12 0 15 3 12 15
14 13 6 4 10

0 2 3 5 0 7 2 8 3 12 5 15 7 0 8 2 12 3 15 5 8 12 0 15 5 12 15
14 13 6 4 10

0 2 3 5 0 7 2 8 3 12 5 15 7 0 8 2 12 3 15 5 8 12 0 15 8 12 15
14 13 6 4 10

0 1 3 5 4 12 7 14 11 15 13 3 0 11 1 14 4 0 12 3 14 4 3 11 4 12 12
15 7 15 7 15

0 2 3 8 7 9 11 12 2 15 11 0 0 3 2 7 3 8 8 9 9 12 12 7 3 0 12
14 13 10 6 6

0 2 3 8 7 9 11 12 2 15 15 0 0 3 2 7 3 8 8 9 9 12 12 7 3 0 12
14 13 10 6 6

0 1 3 8 4 10 7 12 0 15 1 4 3 8 7 12 10 0 15 1 4 3 8 7 12 12 3
13 14 9 5 11

0 1 3 8 4 10 7 12 0 15 1 4 3 8 7 12 10 0 15 1 8 3 12 7 0 12 3
13 14 9 5 11

0 1 3 2 9 4 0 5 3 11 4 12 5 15 11 0 12 4 15 5 0 12 4 15 12 5 15
14 13 6 7 10

0 2 3 5 6 8 0 11 2 12 5 15 6 3 12 8 15 0 2 3 8 6 3 12 12 15 15
13 14 9 1 10

0 1 3 6 5 7 0 8 1 11 3 12 6 15 8 15 11 3 12 6 8 11 15 12 3 15 12
14 13 10 2 9

0 1 3 6 10 7 0 8 1 11 3 12 6 15 8 15 11 3 12 6 8 11 15 12 3 15 12
13 14 5 4 9

0 2 3 5 0 8 5 11 8 12 11 15 12 2 15 3 2 0 3 8 5 12 11 15 12 3 15
13 14 9 1 10

0 1 2 6 3 7 10 8 0 11 3 12 6 15 8 10 12 0 6 3 12 8 0 10 3 8 12
13 14 5 4 9

0 1 3 6 10 7 0 8 1 11 3 12 6 15 8 10 12 0 6 3 12 8 0 10 3 8 12
13 14 5 4 9

0 1 3 6 10 7 0 8 3 11 6 12 7 15 8 10 12 0 6 3 12 8 0 10 3 8 12
13 14 5 4 9

0 1 3 6 10 7 0 8 3 11 6 12 8 15 11 10 12 0 6 3 12 8 0 10 3 8 12
13 14 5 4 9

0 1 3 6 10 7 0 8 3 11 6 12 8 15 12 10 15 0 6 3 12 8 0 10 3 8 12
13 14 5 4 9

0 1 3 6 10 7 0 8 3 11 6 12 8 15 12 10 6 0 12 3 0 8 3 10 6 8 12
13 14 5 4 9

0 1 3 6 10 7 0 8 3 11 6 12 8 15 12 10 6 0 12 3 0 8 3 10 10 8 12
13 14 5 4 9

0 1 3 6 4 7 5 8 0 11 1 12 3 15 6 4 7 5 8 15 11 1 12 5 6 12 12
14 13 10 2 9

0 1 3 6 4 7 5 8 0 11 1 12 3 15 6 4 7 5 11 15 12 1 4 5 6 12 12
14 13 10 2 9

0 1 3 6 4 7 5 8 0 11 1 12 3 15 6 4 7 5 11 15 12 1 6 5 7 12 12
14 13 10 2 9

0 1 3 6 4 7 5 8 0 11 1 12 3 15 6 4 7 5 11 15 12 1 6 5 11 12 12
14 13 10 2 9

0 1 3 6 4 7 5 8 0 11 1 12 3 15 6 4 7 5 11 15 12 1 6 5 15 12 12
14 13 10 2 9

0 1 3 6 4 7 5 8 0 11 1 12 3 15 6 4 7 5 11 15 12 1 6 5 1 12 12
14 13 10 2 9

0 1 3 6 4 12 7 15 3 0 6 4 7 3 12 6 15 12 0 15 4 0 4 3 12 6 15
13 14 5 9 9

0 2 3 4 5 7 0 9 2 11 3 12 4 15 9 15 12 0 9 2 12 3 15 2 0 3 12
14 13 10 6 8

0 2 3 4 10 7 0 9 2 11 3 12 4 15 9 15 12 0 9 2 12 3 15 2 0 3 12
13 14 5 1 6

0 1 3 4 8 12 11 13 14 15 4 0 12 3 14 11 0 13 11 15 13 4 0 12 4 14 12
7 7 5 6 9

0 2 1 4 3 12 6 15 7 12 11 0 11 1 1 7 7 15 11 12 15 12 11 15
9 10 13 5 5

0 2 1 4 3 12 6 15 7 12 11 0 11 1 1 7 7 15 11 12 15 12 11 15
9 8 13 5 5

1 0 8 3 12 7 15 11 3 13 7 0 8 1 12 13 1 0 3 8 7 12 13 3 0 12
15 11 15 11 15

0 5 3 7 10 13 11 0 12 3 15 13 5 15 12 3 0 5 12 15 13 3 0 12 15
7 11 7 11 7

0 5 3 7 11 13 12 0 14 3 15 13 5 15 12 3 0 5 12 15 13 3 0 12 15
7 11 7 11 7

0 5 3 7 11 13 12 0 15 3 5 13 12 15 0 3 12 5 13 15 0 3 5 12 15
7 11 7 11 7

0 5 3 7 11 13 12 0 15 3 5 13 12 15 0 3 12 5 13 15 0 3 13 12 15
7 11 7 11 7

900800018014168b 1901810098074
0 2 1 4 3 5 7 6 9 15 10 0 12 3 2 12 4 3 15 4 0 12 3 15 12 0 15
6 9 6 9 6

900800018014168b 1901810098154
0 2 1 4 3 6 7 8 9 15 10 0 12 3 2 12 4 3 15 4 0 12 3 15 12 0 15
6 9 6 9 6

900800018014168b 1901810098854
0 2 1 4 3 6 7 11 9 15 10 0 12 3 2 12 4 3 15 4 0 12 3 15 12 0 15
6 9 6 9 6

900800018014168b 190181009a054
0 2 1 4 3 6 7 13 9 15 10 0 12 3 2 12 4 3 15 4 0 12 3 15 12 0 15
6 9 6 9 6

900800018014168b 190181009c054
0 2 1 4 3 6 7 14 9 15 10 0 12 3 2 12 4 3 15 4 0 12 3 15 12 0 15
6 9 6 9 6

900800018014168b 19018100b8054
0 2 1 4 3 6 7 15 9 0 10 1 12 3 2 12 4 3 15 4 0 12 3 15 12 0 15
6 9 6 9 6

900800018014168b 1901814098054
0 2 1 4 3 6 7 15 9 0 10 3 12 10 2 12 4 3 15 4 0 12 3 15 12 0 15
6 9 6 9 6

