0 2 1 3 4 7 6 8 15 9 1 12 2 13 3 0 9 6 12 8 3 15 9 0 12 1 15 2 2 6 3 8 8 0 15
10 11 10 10 12 10 6

0 2 1 3 4 7 6 8 15 9 1 12 2 14 3 0 9 6 12 8 3 15 9 0 12 1 15 2 2 6 3 8 8 0 15
10 11 10 10 12

1 0 3 4 7 15 8 3 11 4 12 7 13 8 14 12 0 13 15 14 0 8 3 12 4 13 7 15 14 3 0 4 12 7 15
9 10 9 13 14

2 0 3 1 8 4 10 7 12 11 13 14 3 15 4 0 8 1 12 2 15 7 0 13 1 3 2 4 12 7 0 8 7 15 15 12
6 9 9 6 3

2 0 3 1 8 4 12 7 13 11 3 15 4 0 8 1 12 2 15 7 0 13 1 3 2 4 12 7 13 8 0 15 7 2 15 12
6

0 2 1 3 4 5 8 11 9 12 15 13 0 14 2 1 11 3 14 4 15 8 2 12 3 0 12 1 14 8 15 11 0 3 12 15
9

2 0 3 1 5 7 8 13 11 1 12 12 15 15 0 0 3 3 5 12 7 7 8 8 13 13 1 15 5 0 12 5 15
9

0 2 5 3 10 4 11 6 12 14 3 15 15 0 0 2 2 4 4 11 11 12 0 14 14 3 3 12 11 15 12 4 15
6 10 10 14 9 13 13 6 9 1 1 5 5

