0 2 1 7 3 8 4 12 11 14 13 3 15 4 0 7 1 8 2 12 11 1 15 3 0 7 2 8 4 11 15 12 2 0 7 3 8 15 12
10

2 0 3 1 4 5 8 7 10 14 12 15 1 0 2 7 3 8 10 15 12 0 14 1 3 2 8 7 10 12 15 14 0 3 1 10 7 15 12
9 13 5

2 0 3 1 4 7 8 13 10 14 12 15 1 0 2 7 3 8 10 15 12 0 14 1 3 2 8 7 10 12 15 14 0 3 1 10 7 15 12
9 5 5

2 0 3 1 4 7 8 14 10 15 12 0 1 7 2 8 3 15 10 0 12 1 14 2 3 7 8 12 10 14 15 3 0 8 1 10 7 15 12
9

0 1 4 2 9 3 10 5 12 7 14 8 15 13 2 0 3 1 9 5 12 10 15 13 0 2 1 3 10 5 12 15 13 0 1 12 3 15 5
9 13 9

0 2 3 7 8 12 11 14 13 2 15 3 0 8 7 12 11 14 13 15 7 0 11 2 12 3 14 8 15 13 0 3 2 11 7 13 8 15 12
10

1 0 2 3 5 4 8 7 11 12 14 13 15 0 3 2 4 8 12 11 13 15 14 2 0 3 8 4 11 14 12 2 13 8 15 12 0 13 3 15 14
10 10 10 5 5

3 0 5 2 8 6 9 7 11 10 12 13 14 0 15 2 15 3 0 7 2 8 3 11 7 12 8 13 11 14 13 12 0 14 12 15 15 3
10 9 6

0 1 2 3 5 4 7 8 12 10 14 13 15 0 1 3 10 5 12 7 0 8 1 14 7 15 8 3 10 5 15 12 3 14 7 0 15 12
9 14 1

0 2 1 3 6 5 7 8 10 12 11 13 15 0 3 1 8 2 10 5 13 7 0 11 1 12 2 15 11 3 12 8 13 0 15 1 3 2 11 12 15
5

0 3 1 4 2 5 7 6 9 11 10 12 13 3 14 9 15 13 0 14 2 15 5 13 11 11 12 12 0 15 2 0 3 2 14 3 15 12
9 13 9

0 3 1 4 2 5 7 6 9 11 10 12 13 3 14 9 15 13 0 14 2 15 11 11 12 12 0 13 2 15 3 0 9 2 14 3 15 12
5 13 9

0 1 3 2 5 9 7 13 10 15 11 0 12 2 14 13 1 15 3 1 5 3 9 5 10 10 12 12 14 14 0 15 9 0 13 3 10 12 15
4

0 1 3 2 5 9 10 13 11 15 12 0 14 2 1 13 3 15 5 1 9 3 10 5 11 10 12 12 14 14 0 15 9 0 13 3 10 12 15
4 11 11 7 7 8 8 8 8

0 1 3 2 5 9 10 13 11 15 12 0 14 2 1 13 3 15 5 1 9 3 10 5 12 10 14 12 0 14 9 15 13 0 1 3 10 12 15
4

0 1 3 2 5 9 10 13 11 15 12 0 14 2 1 13 3 15 5 1 9 3 10 5 12 10 14 12 0 14 9 15 13 0 5 3 10 12 15
4

0 1 3 2 5 9 10 13 11 15 12 0 14 2 1 13 3 15 5 1 9 3 10 5 12 10 14 12 0 14 9 15 13 0 9 3 10 12 15
4

0 1 3 2 5 9 10 13 11 15 12 0 14 2 1 13 3 15 5 1 9 3 10 5 12 10 14 12 0 14 9 15 13 0 10 3 13 12 15
4

0 1 3 2 5 9 10 13 11 15 12 0 14 2 1 13 3 15 5 1 9 3 10 5 12 10 14 12 0 14 9 15 13 0 10 3 14 12 15
4 6 6

1 0 2 5 3 10 4 11 7 12 15 13 0 14 1 3 7 4 10 11 12 14 13 15 0 7 1 10 3 11 12 15 13 0 14 1 11 3 15 12
4 8 9

0 1 5 3 11 4 12 8 14 10 15 13 0 3 1 4 8 12 13 1 14 3 15 8 0 13 4 14 12 15 3 0 8 12 15
10 10 5

0 1 2 3 4 7 6 8 10 14 11 15 12 0 2 3 7 11 8 14 10 15 12 3 0 8 7 10 12 11 15 0 3 12 15
14 14 2 11 7

0 3 2 7 4 8 5 9 6 12 11 15 0 4 2 8 3 9 6 15 12 0 6 2 8 3 9 4 0 12 3 15 4 6 12 8 15
14

1 0 7 3 8 5 12 9 13 11 15 14 0 5 1 7 3 8 9 12 11 15 3 0 5 1 9 7 11 8 15 12 0 1 7 3 12 5 15
14 13 14 14 11

1 0 7 3 8 5 12 9 13 11 15 14 0 5 1 7 3 8 9 12 11 15 3 0 5 1 8 7 9 11 15 12 0 1 7 3 12 5 15
14 13 14 14 11

1 0 2 10 3 11 5 12 6 13 8 15 14 2 0 5 1 6 3 12 8 13 10 14 11 1 15 3 0 6 2 8 12 11 13 15 14 0 3 12 15
4

1 0 2 10 3 11 5 12 6 13 8 15 14 2 0 5 1 6 3 12 8 13 10 14 11 1 15 3 0 6 12 8 13 11 14 15 1 0 3 12 15
4

1 0 2 10 3 11 5 12 6 13 8 15 14 2 0 5 1 6 3 12 8 13 10 14 11 1 15 3 0 6 12 8 13 11 14 15 3 0 6 12 15
4

1 0 2 10 3 11 5 12 6 13 8 15 14 2 0 5 1 6 3 12 8 13 10 14 11 1 15 3 0 6 12 8 13 11 14 15 3 0 8 12 15
4

1 0 6 2 7 3 8 4 10 9 11 12 13 1 14 2 15 4 0 6 3 8 7 13 10 0 12 3 2 4 8 10 0 12 3 12 4
11 2 6 15 9 9 8

1 0 6 2 7 3 8 4 10 9 11 12 13 1 15 2 0 4 3 6 7 8 10 15 12 0 2 3 8 4 15 10 0 12 3 12 4
7

1 0 6 2 7 3 8 4 10 9 11 12 13 1 14 2 15 4 0 6 3 8 7 0 10 3 12 4 2 7 8 10 0 12 3 12 4
15 6 2

1 0 6 2 7 3 8 4 10 9 11 12 13 1 15 2 0 4 3 6 7 8 10 0 12 3 1 4 2 7 8 10 0 12 3 12 4
15 2 1 6 14

1 0 6 2 7 3 8 4 10 9 11 12 13 1 15 2 0 4 3 6 7 8 10 0 12 3 2 4 6 7 8 10 0 12 3 12 4
15

1 0 6 2 7 3 8 4 10 9 11 12 13 1 15 2 0 4 3 6 7 8 10 0 12 3 2 4 8 7 0 10 2 12 3 12 4
15 6 14

3 0 4 2 5 6 9 7 11 13 12 15 14 0 2 3 5 6 7 2 9 3 11 5 13 6 15 9 0 11 15 13 0 2 6 3 9 5 15
12 12 10

3 0 4 2 5 6 9 7 11 13 12 15 14 0 2 3 5 6 7 2 9 3 11 5 13 6 15 9 0 11 15 13 0 3 6 5 9 11 15
12

3 0 4 2 5 6 9 7 11 13 12 15 14 0 2 3 5 6 7 2 9 3 11 5 13 6 15 9 0 11 15 13 0 3 6 5 9 13 15
12 12 10

1 0 11 2 12 3 13 7 0 8 1 14 3 15 7 2 8 11 13 12 15 0 1 2 3 12 7 13 11 15 2 0 12 1 15 3
5 9 5

2 0 3 1 5 7 6 8 11 9 12 10 14 13 15 0 1 2 3 10 6 12 8 1 9 8 15 12 0 8 2 2 3 3 0 12 1
10 10 5 11 7 11 11 7 15

2 0 4 3 7 9 8 10 11 13 12 0 14 3 15 7 2 13 4 0 9 2 12 4 14 9 15 12 3 13 14 15 0 2 12 3 13 4 15 14
5 6 10 6 11 8 8 6 6

1 0 2 3 4 6 8 7 9 11 10 12 14 13 15 1 2 3 8 6 9 7 12 10 14 13 15 2 6 3 9 13 10 14 12 15 3 9 13 12 15
7 7 8 4 0 1 8

2 0 3 1 5 4 12 8 0 11 1 13 2 14 8 15 11 3 13 12 14 0 15 1 3 2 13 11 0 12 1 14 2 15 12 3 14 13 15
9 10 5

2 0 3 1 10 4 12 8 0 11 1 13 2 14 8 15 11 3 13 12 14 0 15 1 3 2 13 11 0 12 1 14 2 15 12 3 14 13 15
9 5 5

2 0 3 1 5 7 12 8 0 11 1 13 2 14 8 15 11 3 13 12 14 0 15 1 3 2 13 11 0 12 1 14 2 15 12 3 14 13 15
9 10 5

2 0 3 1 10 7 12 8 0 11 1 13 2 14 8 15 11 3 13 12 14 0 15 1 3 2 13 11 0 12 1 14 2 15 12 3 14 13 15
9 5 5

2 0 4 1 7 3 11 10 14 12 15 13 3 0 12 1 13 2 14 4 3 15 4 0 12 1 14 2 0 13 1 15 3 2 12 13 15 14
9 10 10 5 5

3 0 7 1 8 2 9 11 13 12 15 14 3 0 12 2 15 7 2 8 3 11 8 13 12 14 14 0 0 11 11 13 12 15 15 3
9

0 2 1 5 3 7 4 8 11 14 12 15 13 0 2 1 8 3 15 4 0 12 1 13 3 14 4 2 12 8 13 15 14 0 4 3 13 8 15 12
6 9 5 1 2

2 0 3 1 4 6 5 15 8 3 9 4 12 12 13 3 14 4 0 0 2 12 6 6 9 0 14 6 15 12 9 9 14 14 15 15 3
11 2 2

0 3 1 7 2 12 4 13 9 15 11 1 14 2 0 9 3 14 11 15 12 0 13 2 1 3 9 11 12 13 3 14 11 15 12 0 15
10 14 13

0 1 2 3 7 4 8 6 10 15 12 3 14 4 0 6 1 7 2 10 8 14 12 15 1 0 6 2 10 3 12 4 15 14 3 0 4 12 15
11

0 1 2 3 7 4 8 6 10 15 12 3 14 4 0 6 1 7 2 10 12 14 1 15 6 0 7 2 10 3 12 4 15 14 3 0 4 12 15
11

0 1 2 3 7 4 8 6 10 15 12 3 14 4 0 6 1 7 2 10 12 14 1 15 6 0 10 2 12 3 15 4 1 14 3 0 4 12 15
11

0 1 2 3 7 4 8 6 10 15 12 3 14 4 0 6 1 7 2 10 12 14 1 15 6 0 10 2 12 3 15 4 2 14 3 0 4 12 15
11

0 1 2 3 7 4 8 6 10 15 12 3 14 4 0 6 1 7 2 10 12 14 1 15 6 0 10 2 12 3 15 4 3 14 4 0 6 12 15
11

0 1 2 3 7 4 8 6 10 15 12 3 14 4 0 6 1 7 2 10 12 14 1 15 6 0 10 2 12 3 15 4 3 14 4 0 10 12 15
11

0 1 2 3 7 4 8 6 10 15 12 3 14 4 0 6 1 7 2 10 12 14 1 15 6 0 10 2 12 3 15 4 3 14 4 0 14 12 15
11

1 0 4 2 10 3 13 5 14 7 15 8 0 11 2 12 7 1 14 3 15 10 0 12 2 1 12 3 0 7 3 10 7 15 12 1 15 2
5 4 6

3 0 4 1 6 2 10 8 12 9 14 11 0 15 3 1 8 4 11 6 12 9 14 10 3 15 6 0 9 11 10 12 12 15 15 3
14

