0 2 1 4 3 10 7 11 8 15 12 1 0 7 2 8 3 11 4 12 10 15 0 1 2 3 4 7 8 10 11 12 15 0 3 1 8 4 11 7 15 12
6 9 9

0 6 3 7 5 8 11 9 14 10 15 12 3 0 8 7 10 9 14 11 15 12 3 0 7 8 11 9 12 10 14 15 0 3 9 7 10 8 11 12 15 14
2 1 2 6 6

0 1 5 2 10 3 12 4 13 6 14 15 0 1 2 4 3 5 6 10 14 12 1 13 2 15 3 0 4 10 5 14 12 2 13 3 15 12 0 14 1 15 13
11 7 4

0 1 2 4 3 7 6 9 8 14 10 15 11 3 12 4 13 7 0 10 2 11 8 12 9 13 15 0 8 3 11 4 12 7 15 0 3 8 4 11 7 12 15
13 14 2 10 9 6 6

0 1 8 2 11 3 12 4 14 13 0 15 12 1 15 3 1 4 3 8 4 11 11 13 13 14 14 0 0 8 3 12 11 15 14 12 15 13
9

0 1 2 7 3 8 4 12 11 13 14 1 15 3 0 12 2 14 7 15 8 2 11 7 13 8 0 11 1 12 3 13 14 15 1 0 7 3 12 11 13 14 15
10

0 2 1 7 3 8 4 12 11 14 15 3 0 4 1 7 2 8 11 12 15 1 0 3 2 7 4 8 15 11 1 12 2 0 7 3 8 15 12
10

0 2 1 7 3 8 4 12 11 14 15 3 0 4 1 7 2 8 11 12 15 1 0 3 2 7 4 8 15 11 2 12 4 0 7 3 8 15 12
10

0 2 1 7 3 8 4 12 11 14 15 3 0 4 1 7 2 8 11 12 15 1 0 3 2 7 4 8 15 11 2 12 7 0 8 3 11 15 12
10

0 2 1 5 3 10 4 11 7 12 8 3 13 4 15 7 0 12 1 13 2 15 10 0 11 1 2 4 3 7 12 11 13 15 0 3 7 11 12 15
6

0 1 2 5 3 6 4 7 9 8 11 13 12 14 1 15 2 0 5 3 6 9 8 14 12 1 15 2 0 3 6 5 8 14 12 15 1 0 2 12 3 15 14
7

3 0 8 1 11 2 13 7 14 9 15 12 2 0 7 3 8 11 9 14 12 15 13 7 0 8 2 9 3 11 12 13 14 0 15 9 2 12 3 15
6 13 14 11 8 10 7 10 10

3 0 8 1 11 2 13 7 14 9 15 12 2 0 7 3 8 11 9 14 12 15 13 7 0 8 2 9 3 11 12 13 14 0 15 9 3 12 8 15
6 13 14

2 0 7 1 10 3 12 4 13 5 0 6 2 8 3 15 5 1 6 8 12 10 15 13 3 0 5 1 8 2 10 15 12 2 13 10 0 12 1 15 3
6

1 0 2 7 3 12 4 13 8 15 9 1 14 2 0 3 4 7 14 8 2 12 3 15 7 0 12 1 14 4 15 8 0 4 3 14 8 15 12
10

0 1 2 3 5 4 11 8 13 10 14 12 15 0 2 1 8 3 10 5 12 11 13 14 15 0 1 2 5 3 11 8 14 10 3 12 10 13 12 15 15 0
11

0 2 1 3 4 5 9 7 10 8 11 12 15 3 0 4 1 7 2 10 5 15 11 0 12 1 3 2 5 7 12 10 2 11 7 15 12 0 15 1
11 3 4

0 1 3 2 5 8 7 14 11 15 12 1 13 7 0 11 3 12 8 13 14 15 7 0 11 1 12 3 13 8 0 15 1 3 12 11 15
6

0 1 2 5 3 7 4 12 9 13 11 1 15 2 0 9 3 11 7 12 13 15 2 0 7 3 0 11 2 12 3 13 12 15 15
9 11 7 8 10 10 10

0 1 2 3 4 5 6 7 9 8 15 12 1 13 3 14 6 0 7 4 8 9 13 12 15 14 4 0 12 3 13 6 14 7 3 15 4 0 15 12
1

0 1 2 3 4 7 6 8 9 10 15 12 1 13 3 14 6 0 7 4 8 9 13 12 15 14 4 0 12 3 13 6 14 7 3 15 4 0 15 12
1

0 1 2 3 4 7 6 8 9 12 15 13 1 14 3 0 6 4 7 9 8 12 13 14 15 0 4 3 12 6 13 7 14 9 3 15 4 0 15 12
1

2 0 3 4 8 7 9 10 11 12 15 13 4 14 7 0 9 3 11 8 14 12 15 13 3 0 4 7 12 8 13 9 14 11 0 15 3 8 14 12 15
11

0 1 2 3 7 4 8 5 12 14 13 1 15 3 0 7 4 12 8 13 14 15 4 0 7 3 8 13 12 14 3 15 4 0 7 8 15 12
1

1 0 5 3 7 4 11 6 12 8 13 9 4 14 6 15 9 0 12 1 14 3 15 7 0 11 1 13 4 3 7 6 11 9 12 15 13 0 1 4 3 11 15 12
10 10 7 10 14

1 0 7 3 11 4 12 6 13 8 4 9 6 14 9 15 12 0 14 1 15 3 0 7 1 11 4 13 7 3 11 6 12 9 13 15 14 0 1 4 3 11 15 12
10 2 2 10 7

1 0 7 3 11 4 12 6 13 8 4 9 6 14 9 15 12 0 14 1 15 3 0 7 1 11 4 13 7 3 11 6 12 9 13 15 1 0 3 4 6 11 15 12
10 10 7 14 10

1 0 7 3 11 4 12 6 13 8 4 9 6 14 9 15 12 0 14 1 15 3 0 7 1 11 4 13 7 3 11 6 12 9 13 15 1 0 3 4 7 11 15 12
10 2 2

1 0 7 3 11 4 12 6 13 8 4 9 6 14 9 15 12 0 14 1 15 3 0 7 1 11 4 13 7 3 11 6 12 9 13 15 1 0 3 4 9 11 15 12
10 10 7 14 10

1 0 7 3 11 4 12 6 13 8 4 9 6 14 9 15 12 0 14 1 15 3 0 7 1 11 4 13 7 3 11 6 12 9 13 15 1 0 3 4 13 11 15 12
10 10 7 14 10 2 2

2 0 3 4 8 7 9 10 11 12 15 13 4 14 7 0 9 3 11 8 14 12 15 13 3 0 4 7 12 8 13 11 14 15 0 8 3 11 14 12 15
9

0 1 5 2 7 3 9 4 12 10 14 13 15 0 1 3 14 7 0 9 1 12 3 13 7 15 9 14 12 0 13 1 15 3 9 12 15 14
10

3 0 4 1 7 2 9 6 12 8 14 10 15 11 2 13 3 0 6 4 7 9 8 10 12 11 14 15 0 2 4 3 6 7 10 9 11 0 15 15 3
8 8 14

2 0 3 1 6 4 7 5 10 9 12 14 13 15 0 2 1 5 3 7 4 10 6 12 9 13 15 0 3 1 5 2 7 9 12 10 0 13 2 15 12 1 13 3 15
6

0 1 6 3 7 11 8 12 9 13 15 14 1 0 6 3 7 8 11 12 14 13 15 1 0 3 8 6 11 7 12 13 3 15 12 0 13 1 15
5 7 11 6 9 10 8

0 1 6 3 7 11 8 12 9 13 15 14 1 0 6 3 7 8 11 12 14 13 15 1 0 3 8 6 11 7 12 13 3 15 12 0 13 6 15
5 11 7

0 1 6 3 7 11 8 12 9 13 15 14 1 0 6 3 7 8 11 12 14 13 15 1 0 3 8 6 11 7 12 13 3 15 12 0 13 7 15
5

0 1 6 3 7 11 8 12 9 13 15 14 1 0 6 3 7 8 11 12 14 13 15 1 0 3 8 6 11 7 12 13 3 15 12 0 13 11 15
5 14 14

0 1 6 3 7 11 8 12 15 13 1 14 6 0 7 3 11 8 14 12 15 13 0 1 8 3 11 6 12 7 3 13 7 15 12 0 13 11 15
5

1 0 2 6 3 10 4 11 7 12 15 13 0 14 1 3 7 4 10 11 12 14 13 15 0 7 1 10 3 11 12 15 13 0 14 1 11 3 15 12
4 8 9

0 1 3 4 5 7 11 8 12 10 13 14 15 1 0 5 3 7 4 12 8 13 10 15 14 3 0 8 1 10 5 12 7 15 13 0 14 3 1 10 7 12 15
6

0 1 3 4 5 7 11 8 12 10 13 14 15 1 0 5 3 7 4 12 8 13 10 15 14 3 0 8 1 10 5 12 7 15 13 0 14 3 1 12 7 13 15
6

0 1 5 3 9 4 12 8 14 10 15 13 0 3 1 4 8 12 13 1 14 3 15 8 0 13 4 14 12 15 3 0 8 12 15
5

0 1 5 3 6 9 8 10 13 11 14 12 15 0 6 3 11 5 13 8 14 9 15 10 3 12 5 9 6 11 12 13 14 15 5 3 9 6 13 12 15 14
10 7 1

0 1 5 3 6 9 8 10 13 11 14 12 15 0 6 3 11 5 13 8 14 9 15 10 3 12 5 9 6 11 12 13 14 15 9 3 11 6 13 12 15 14
10 7 1

0 2 5 3 6 9 8 10 13 11 14 12 15 0 6 3 11 5 13 8 14 9 15 10 3 12 5 9 6 11 12 13 14 15 9 3 11 6 13 12 15 14
10

1 0 2 3 4 5 6 7 12 8 13 10 15 14 3 0 5 1 7 6 13 12 14 15 0 7 3 13 5 14 6 0 12 3 15 7 12 15
1 8 4 8 8

0 1 2 3 9 4 11 7 12 8 15 14 2 0 3 1 4 11 7 12 0 14 2 15 3 1 11 4 14 7 15 12 1 0 4 2 12 3 15
5 6 5 5 9 11 7

0 1 3 2 9 4 11 7 14 12 0 13 2 15 3 1 4 7 12 9 13 14 15 1 0 3 2 4 7 9 12 14 13 15 1 0 3 12 4 15 13
10

0 1 2 3 8 4 9 5 11 10 12 14 13 4 15 9 0 12 3 14 8 15 10 0 11 8 13 10 3 11 4 14 9 0 12 3 13 8 15 12 4 13 14 15
2

0 1 3 2 6 4 8 7 11 9 12 15 14 1 0 3 2 8 4 12 6 15 9 0 11 1 3 2 4 6 12 8 0 9 1 11 3 15 8 2 12 4 15
13

0 3 2 8 4 9 6 10 11 12 13 15 0 4 2 8 3 9 6 15 12 0 6 2 8 3 9 4 0 12 3 15 4 6 12 8 15
10 11 10

0 3 2 8 4 9 6 10 11 12 14 15 0 4 2 8 3 9 6 15 12 0 6 2 8 3 9 4 0 12 3 15 4 6 12 8 15
10 11 10

3 0 7 1 8 2 10 4 12 5 14 15 1 0 2 4 3 5 8 10 12 0 14 1 15 4 2 12 3 14 5 15 8 3 10 5 0 8 2 10 4 15 12
9 13 13

2 0 6 1 11 3 15 9 0 12 2 14 3 1 14 6 15 11 0 12 2 1 3 6 11 12 14 15 1 0 3 2 12 6 14 11 15
8 4 9 5 7

3 0 5 2 9 6 10 7 11 8 12 13 14 15 2 0 5 3 7 6 9 2 11 3 13 5 15 6 0 9 15 11 0 13 6 3 9 5 15
12

3 0 5 1 7 2 8 4 10 11 12 14 13 0 15 1 2 3 4 12 7 0 11 1 13 2 14 4 15 7 3 12 11 13 15 14 0 2 1 4 3 15 12
9 11 13

3 0 5 1 7 2 8 4 10 11 12 14 13 0 15 1 2 3 4 12 7 0 11 1 13 2 14 4 15 7 3 12 11 13 15 14 0 2 1 7 3 15 12
9 11 13 4 14 5 5

3 0 5 1 7 2 8 4 10 11 12 14 13 0 15 1 2 3 4 12 7 0 11 1 13 2 14 4 15 7 3 12 11 13 15 14 0 2 1 13 3 15 12
9

3 0 5 1 7 2 8 4 10 11 12 14 13 0 15 1 2 3 4 12 7 0 11 1 13 2 14 4 15 7 3 12 11 13 15 14 0 2 1 14 3 15 12
9 11 13

0 2 1 7 3 8 4 13 10 14 11 15 12 0 3 2 4 8 7 15 12 0 13 3 14 4 8 7 13 12 0 14 3 15 4 7 13 8 14 12 15
2 2 6

1 0 4 2 7 3 10 8 12 9 15 13 0 1 4 2 7 3 9 8 12 15 0 3 1 4 2 7 8 9 12 15 2 0 3 12 4 15 7
5

1 0 4 2 7 3 10 8 12 9 15 1 0 2 4 3 7 8 9 15 12 3 0 4 1 7 2 9 8 15 12 0 2 1 3 12 4 15 7
5 13 14

1 0 4 2 7 3 10 8 12 9 15 1 0 2 4 3 7 8 9 15 12 3 0 4 1 7 2 9 8 15 12 0 2 9 3 12 4 15 7
5 13 14

1 0 11 2 12 3 13 4 0 7 1 8 3 15 7 2 8 11 13 12 15 0 1 2 3 12 7 13 11 15 2 0 12 1 15 3
5 9 5

1 0 11 2 12 3 13 6 0 7 1 8 3 15 7 2 8 11 13 12 15 0 1 2 3 12 7 13 11 15 2 0 12 1 15 3
5 9 5

1 0 11 2 12 3 13 7 0 8 1 15 3 2 7 11 8 12 13 0 15 2 1 12 3 13 7 15 11 0 2 1 12 3 15 7
5 9 5

0 1 3 2 8 4 12 7 13 14 1 15 2 0 7 3 12 4 15 8 2 13 3 14 4 0 7 1 8 15 12 1 13 2 14 3 0 4 8 7 15 12
6 9 13 14 11 10 5

2 0 3 1 8 6 10 12 13 14 1 15 2 0 3 10 6 12 8 13 14 0 15 1 3 2 10 6 12 8 14 13 0 15 1 3 2 8 6 12 15 14
11 9 9 9 13 5 7 7 11

2 0 3 1 8 6 10 12 13 14 1 15 2 0 3 10 6 12 8 13 14 0 15 1 3 2 10 6 12 8 14 13 0 15 1 3 2 10 6 12 15 14
11 9 9 9 13 5 7 7 11

0 2 1 6 3 11 4 12 5 15 0 1 2 3 4 11 5 12 6 0 15 1 2 3 11 4 12 5 15 6 0 1 3 2 4 6 5 12 11 15
13

0 1 2 4 3 5 9 10 11 12 14 13 3 15 10 0 12 1 13 2 15 5 0 9 2 14 5 1 9 3 14 10 15 12 1 13 3 0 5 10 12 15 14
2 9 13 6 6 6 6 8 4

0 1 2 3 5 4 7 9 11 15 12 1 14 7 0 11 2 12 3 15 4 0 9 2 14 3 1 4 7 9 11 15 12 0 14 7 1 9 2 12 3 14 15
6 6 6 5 5

0 1 2 3 7 4 8 9 11 15 12 1 14 7 0 11 2 12 3 15 4 0 9 2 14 3 1 4 7 9 11 15 12 0 14 7 1 9 2 12 3 14 15
6 6 6 13 13 11 5 5 5

0 1 2 3 7 4 11 9 12 15 14 1 0 7 2 11 3 12 4 15 9 0 14 2 1 3 7 4 11 9 12 15 14 0 1 7 2 9 3 12 11 14 15
6 6 6 10 10 10 8

0 2 1 3 6 5 10 7 12 8 14 9 15 11 0 13 8 3 11 5 13 7 0 12 3 14 5 15 8 7 11 12 14 13 7 15 8 0 11 3 12 15 13
6 9 10

0 2 1 3 10 5 12 7 14 8 15 9 0 11 1 13 8 3 11 5 13 7 0 12 3 14 5 15 8 7 11 12 14 13 7 15 8 0 11 3 12 15 13
1 2 5 9 10 9 10 10 9 4 4

3 0 9 1 10 2 11 6 12 7 15 8 3 13 7 14 8 0 12 1 15 6 0 9 7 11 8 14 9 1 15 3 0 6 1 11 3 12 6 9 12 15
10 8 10 10 11 14 14 13 4

0 2 1 6 3 8 4 11 7 12 10 14 13 15 0 3 1 7 2 10 6 13 11 15 12 0 14 1 2 6 3 7 10 11 12 13 14 0 15 3 2 12 15
9 9 1 8 4

0 2 1 6 3 8 7 11 10 12 13 14 0 15 1 3 2 7 6 10 8 13 11 15 12 0 14 1 2 6 3 7 10 11 12 13 14 0 15 3 2 12 15
9 9 1

1 0 4 2 6 3 9 7 11 14 12 15 0 2 1 7 3 9 4 15 11 0 12 1 14 3 2 4 7 11 9 12 0 14 3 15 7 9 12 11 15
10 5 13 1 2

3 0 4 2 6 11 8 12 9 14 13 2 15 3 0 8 4 9 11 13 12 15 14 3 0 8 2 14 4 15 9 0 11 3 12 4 13 12 8 13 9 14 15
5 7 7 5 5

0 2 1 11 3 12 6 13 7 2 14 6 15 7 0 13 3 14 11 2 12 3 15 7 0 12 11 13 14 0 15 11 2 12 3 15 13
5

0 1 2 3 4 6 7 8 12 11 14 13 15 0 3 2 8 4 11 15 12 8 13 11 14 13 0 14 2 15 3 0 4 2 12 3 15 12
9 4 8

0 1 2 3 4 6 12 8 14 11 15 13 3 0 8 2 11 4 12 15 13 8 14 11 0 13 2 14 3 15 4 0 12 2 4 3 15 12
9

2 0 3 1 4 6 7 15 8 3 9 4 12 12 13 3 14 4 0 0 2 12 6 6 9 0 14 6 15 12 9 9 14 14 15 15 3
11

0 3 1 6 2 7 4 12 9 13 11 14 15 0 2 1 3 6 11 7 15 9 0 12 1 13 6 14 7 2 9 3 12 11 13 14 0 3 12 11 14
10

2 0 3 1 7 4 12 10 14 11 15 13 3 0 4 1 11 2 14 7 15 12 0 13 2 1 3 4 11 7 14 12 15 13 1 0 2 3 7 11 12 14 13 15
9

2 0 3 1 7 4 12 10 14 11 15 13 3 0 4 1 11 2 14 7 15 12 0 13 2 1 3 4 11 7 14 12 15 13 1 0 4 3 7 11 12 14 13 15
9

1 0 2 7 3 8 4 10 6 12 11 0 14 2 15 4 3 6 8 7 10 12 15 2 0 3 6 4 0 8 3 12 8 15 12 2 15 4
7 11 7

2 0 3 7 4 8 5 10 6 12 11 0 14 2 15 4 3 6 8 11 10 12 15 2 0 3 6 4 0 8 3 12 8 15 12 2 15 4
7 11 7

1 0 3 2 10 4 12 6 13 8 15 11 1 14 2 0 4 3 10 6 11 12 13 15 14 1 0 4 2 11 3 12 6 13 15 14 1 0 11 2 12 3 15
5 7 10 14 13

1 0 3 2 10 4 12 6 13 11 15 14 1 0 2 3 4 6 10 12 11 15 13 1 14 4 0 11 2 12 3 13 6 14 15 0 1 2 11 3 12 4 15
5 7 10 14 13

0 3 1 7 2 8 4 12 11 13 14 0 15 2 3 8 4 11 7 15 12 0 13 3 14 7 4 8 15 11 0 12 3 13 8 14 11 4 12 7 13 14 15
6 9 6 1 2 1 1 6 5

1 0 2 3 5 4 6 12 7 14 8 3 10 5 15 6 0 7 1 8 2 10 4 14 12 15 3 0 6 1 8 2 10 5 15 7 0 12 12 14 14 3 15
9 5 10

1 0 3 8 4 11 7 13 10 0 12 1 14 8 15 10 3 11 7 14 12 1 13 3 15 12 0 13 7 15 8 0 10 7 11 10 14 12 3 14 8 15 13
6

1 0 3 2 4 6 11 7 13 8 14 10 15 12 3 0 6 2 10 4 12 7 13 15 14 0 2 10 3 14 4 2 7 3 12 4 13 12 15 13 0 15 14
6

1 0 3 2 4 6 13 7 14 8 15 10 1 12 3 0 6 2 10 4 12 7 13 15 14 0 2 10 3 14 4 2 7 3 12 4 13 12 15 13 0 15 14
6

1 0 7 2 11 3 12 8 14 9 15 10 0 13 3 8 7 10 9 15 11 0 12 7 14 11 3 12 8 14 10 15 0 3 8 7 11 15 12
1

1 0 3 5 4 6 10 7 12 11 13 15 14 1 0 5 3 7 15 10 0 11 1 12 3 13 5 14 7 11 12 14 13 15 1 0 11 3 15 12
4 4 6

0 1 4 3 7 5 10 8 13 11 15 12 0 14 3 4 5 7 8 11 10 15 12 3 14 5 0 8 4 10 7 12 11 15 14 0 4 3 10 5 12 8 15 14
2 6 9 9 11 2 7 9 9 1 1 1 13 13 13 2 2 6 6

a801b081481eb188 108c481eb0814817
3 0 7 1 8 2 12 4 13 11 15 14 1 0 2 7 3 12 4 13 11 15 14 1 0 2 7 3 12 4 13 11 15 14 0 2 11 3 13 7 15 12
6 9 9

908904ba1a110638 8129a0184aa9883
3 0 4 1 5 7 9 11 10 12 0 15 4 1 9 3 11 5 12 7 1 10 3 15 4 0 5 9 7 11 10 12 0 15 3 1 7 4 12 11 15
14 13 9 5 10 6 13 6 6

