3 0 5 1 7 2 10 8 12 13 0 14 2 15 3 1 7 5 12 8 14 13 15 0 1 3 2 7 5 12 8 13 14 15 3 0 7 1 12 15 13
6 6 10 10 6

1 0 6 2 7 3 9 4 10 8 12 11 15 13 0 1 3 2 4 7 10 8 11 9 15 12 2 0 7 1 8 3 9 4 12 11 0 15 12 3 15
10 11 13 4 8

1 0 3 2 5 4 12 6 14 10 0 11 2 13 3 15 4 1 12 10 0 13 1 14 2 15 4 3 10 12 13 15 14 0 3 1 15 12
8

0 1 2 3 9 6 11 14 12 15 13 0 1 12 2 13 3 15 6 1 11 2 14 6 0 11 3 12 14 13 15 0 3 1 13 2 14 12 15
8

0 2 1 6 3 7 8 11 10 12 13 14 1 15 2 0 7 3 8 13 11 0 12 1 14 2 15 7 3 8 13 11 15 12 0 7 3 12 15
5

0 2 1 3 4 5 8 12 11 13 14 0 15 1 2 3 4 11 8 12 15 13 0 14 3 1 8 4 11 15 12 0 13 1 14 3 4 8 11 12 15 13
9 10 9

0 2 1 5 3 6 4 7 10 8 12 11 15 13 1 14 7 0 10 2 11 3 12 4 14 6 15 13 7 1 11 3 14 12 15 13 1 3 11 7 13 15
10

0 2 1 5 3 6 4 7 10 8 12 11 15 13 1 14 7 0 10 2 11 3 12 4 14 6 15 13 7 1 11 3 14 12 15 13 11 3 12 7 13 15
10 10 0 6 6 2 2

0 1 8 2 9 3 15 4 1 5 2 11 3 12 4 13 11 14 12 0 13 9 0 14 3 15 4 1 9 2 12 11 14 13 15 0 4 3 12 11 14 15
6 1 2 9 13 5 5 7 7 5 8 8 8 10 10 10 10 7 7 6 6

0 2 3 7 4 12 8 14 11 2 13 3 15 8 0 12 7 14 11 15 13 0 7 2 11 3 12 8 14 13 15 3 0 11 2 13 7 15 12
10

1 0 2 3 5 4 8 12 11 13 14 0 15 2 3 8 4 11 12 15 13 2 14 3 0 4 8 14 11 2 12 4 13 8 15 12 0 13 3 15 14
10 10 10 5 5

1 0 2 3 5 4 8 12 11 13 14 0 15 2 3 8 4 11 12 15 13 2 14 3 0 4 8 14 11 2 12 8 13 11 15 12 0 13 3 15 14
10 5 5

0 2 1 3 4 5 9 7 10 8 11 12 14 3 15 4 0 7 1 10 2 15 5 0 11 1 12 2 3 7 5 10 12 11 7 15 12 0 15 1
4 3 2 9 11

3 0 5 1 8 4 11 6 1 10 3 12 12 15 15 0 0 4 1 5 4 8 5 10 10 11 11 3 3 8 5 12 10 15 12 0 15 1
7 7 6

0 2 1 3 6 4 12 5 13 11 15 14 2 0 14 1 15 3 0 4 1 6 3 11 4 12 6 2 11 12 1 14 12 15 14 0 15 3
10

1 0 3 2 4 10 5 12 14 13 0 15 10 1 12 2 14 3 2 4 4 5 5 13 12 15 13 0 0 3 3 10 4 14 12
7

0 1 7 2 8 3 9 4 13 5 14 12 15 3 0 7 1 9 2 12 4 15 8 0 14 1 3 2 4 8 7 12 15 14 12 0 15 3
10 11 11 11 10

0 1 7 2 8 3 9 4 14 5 15 12 0 3 1 7 2 9 4 12 8 15 14 0 3 1 4 2 7 8 9 12 15 14 12 0 15 3
10 11 11 11 10 1 2

0 1 7 2 8 3 9 4 14 5 15 12 0 3 1 7 2 9 4 12 8 15 14 0 3 1 4 2 7 8 15 12 1 14 12 0 15 3
10 11 11 11 10

0 1 7 2 8 3 9 4 14 5 15 12 0 3 1 7 2 9 4 12 8 15 14 0 3 1 4 2 7 8 15 12 2 14 12 0 15 3
10 11 11 11 10 10 9

0 1 7 2 8 3 9 4 14 5 15 12 0 3 1 7 2 9 4 12 8 15 14 0 3 1 4 2 7 8 15 12 4 14 12 0 15 3
10 11 11 11 10

0 1 7 2 8 3 9 4 14 5 15 12 0 3 1 7 2 9 4 12 8 15 14 0 3 1 4 2 7 8 15 12 7 14 12 0 15 3
10 11 11 11 10

0 1 7 2 8 3 9 4 14 5 15 12 0 3 1 7 2 9 4 12 8 15 14 0 3 1 4 2 7 8 15 12 8 14 12 0 15 3
10 11 11 11 10 10 9

0 1 7 2 8 3 9 4 13 10 14 12 15 3 0 7 1 9 2 12 4 15 8 0 14 1 3 2 4 8 7 12 15 14 12 0 15 3
10

0 1 2 7 3 9 6 10 13 12 2 14 3 15 7 0 12 1 14 6 0 9 1 10 7 13 10 15 12 2 13 3 15 6 2 14 3 0 14 6 15
11 8 8 11 11 11 7 12 13

0 1 5 3 7 4 8 6 11 9 12 10 14 13 15 0 5 1 6 3 11 9 13 10 1 12 3 14 6 0 9 5 11 10 14 12 1 13 10 3 12 11
4

0 1 5 3 7 4 8 6 11 9 12 10 14 13 15 0 5 1 6 3 11 9 13 10 1 12 3 14 6 0 9 5 11 10 14 12 1 3 10 5 12 11
4

0 1 5 3 7 4 8 6 11 9 12 10 14 13 15 0 5 1 6 3 11 9 13 10 1 12 3 14 6 0 9 5 11 10 14 12 1 3 10 6 12 11
4

0 1 5 3 7 4 8 6 11 9 12 10 14 13 15 0 5 1 6 3 11 9 13 10 1 12 3 14 6 0 9 5 11 10 14 12 1 3 10 9 12 11
4

0 1 2 4 3 6 5 9 7 10 8 11 15 12 2 13 5 0 6 1 8 3 9 4 0 12 1 13 3 15 4 2 12 6 13 8 15 0 3 12 15
11 7 11

0 1 2 4 3 6 5 9 7 10 8 11 15 12 2 13 5 0 6 1 8 3 9 4 0 12 1 13 3 15 4 2 12 8 13 0 15 2 3 12 15
11 7 11 11 8 4 5 7 7 9 6 10 10

0 3 1 5 4 11 7 12 8 14 13 15 0 1 3 7 5 8 12 11 14 13 3 15 7 0 8 1 11 13 12 14 0 15 1 8 3 11 7 12 15
6 9 9 9 13 6 6

0 1 5 3 7 4 8 6 11 9 12 10 14 13 15 0 5 1 6 3 11 9 13 10 1 12 3 14 6 0 9 5 11 10 14 12 1 3 10 11 12 14
4

0 1 5 2 7 3 8 4 9 10 12 13 14 0 15 3 1 7 14 9 0 12 1 13 3 15 7 14 9 0 12 1 13 3 15 12 15 14
10 4 8 4 4

0 1 5 2 7 3 9 4 12 10 14 13 15 0 1 3 14 7 0 9 1 12 3 13 7 15 9 14 12 0 13 1 15 3 7 12 15 14
10

0 1 5 2 7 3 9 4 12 10 14 13 15 0 1 3 14 7 0 9 1 12 3 13 7 15 9 14 12 0 13 1 15 3 13 12 15 14
10

0 1 7 2 9 3 13 4 0 5 2 6 3 12 4 15 7 1 9 5 12 6 15 0 1 2 5 3 6 4 15 7 3 12 4 0 12 1 15
10 14 9 6 9 2 10

0 1 7 2 9 3 13 4 0 5 2 6 3 12 4 15 7 1 9 5 12 6 15 0 1 2 5 3 6 4 15 7 3 12 5 0 12 1 15
10 14 9 6 9 2 10

0 1 7 2 9 3 13 4 0 5 2 6 3 12 4 15 7 1 9 5 12 6 15 0 1 2 5 3 6 4 15 7 3 12 7 0 12 1 15
10 14 9 13 14 2 10 9 6

0 1 2 3 5 9 6 10 8 11 13 12 14 0 15 3 6 5 11 8 13 9 14 10 15 12 3 9 5 11 6 13 12 15 14 3 9 6 13 12 15 14
10 8 8 4 4

0 2 1 3 5 9 6 10 8 11 13 12 14 0 15 3 6 5 11 8 13 9 14 10 15 12 3 9 5 11 6 13 12 15 14 3 9 6 13 12 15 14
10 8 8

2 0 4 3 7 8 10 9 11 13 12 15 0 11 2 12 3 0 8 2 9 3 10 9 13 10 15 12 11 13 3 15 9 0 11 2 12 10 15
6

0 2 3 4 7 8 12 11 14 13 0 15 2 3 7 8 12 11 14 13 8 15 12 0 13 2 15 3 0 7 2 11 3 14 11 7 15 12
9

0 2 1 4 3 8 7 11 12 13 14 15 0 3 2 8 7 11 12 13 14 15 8 0 12 2 13 3 15 7 0 11 2 14 3 7 11 12 15
9 10 10

0 2 3 5 7 8 12 11 14 13 0 15 2 3 7 8 12 11 14 13 8 15 12 0 13 2 15 3 0 7 2 11 3 14 11 7 15 12
9

2 0 4 3 7 8 10 9 11 13 12 15 0 11 2 12 3 0 8 2 9 3 10 9 13 10 15 12 11 13 3 15 9 0 11 10 12 13 15
6

0 2 1 8 3 11 7 13 12 15 14 3 0 8 2 11 7 13 12 15 14 0 8 2 12 3 13 7 15 11 0 14 2 7 3 12 11 13 15
9 10 10

0 3 2 7 4 8 6 9 11 12 0 15 2 4 3 8 6 9 12 15 6 0 8 2 9 3 0 4 2 12 3 15 4 6 12 8 15
14

0 2 1 4 3 14 11 15 12 0 13 1 2 3 13 4 14 12 15 0 2 1 4 3 12 13 0 14 2 15 3 1 13 12 15
6

1 0 2 10 3 11 5 12 6 13 8 15 14 2 0 5 1 6 3 12 8 13 10 14 11 1 15 3 0 6 10 8 12 11 13 15 14 0 3 12 15
4

1 0 2 10 3 11 5 12 6 13 8 15 14 2 0 5 1 6 3 12 8 13 10 14 11 1 15 3 0 6 12 8 13 11 14 15 3 0 11 12 15
4

1 0 2 10 3 11 5 12 6 13 8 15 14 2 0 5 1 6 3 12 8 13 10 14 11 1 15 3 0 6 12 8 13 11 14 15 3 0 13 12 15
4

1 0 2 10 3 11 5 12 6 13 8 15 14 2 0 5 1 6 3 12 8 13 10 14 11 1 15 3 0 6 12 8 13 11 14 15 3 0 14 12 15
4

0 2 1 7 3 12 8 14 11 15 13 0 1 3 2 8 7 11 13 12 15 14 3 0 8 1 11 2 12 13 14 15 0 2 3 15 12
10 6 5

0 2 1 7 3 12 8 14 11 15 13 0 1 3 2 8 13 11 15 12 3 14 8 0 11 1 12 2 14 13 0 15 3 2 8 15 12
10 6 5

0 2 1 7 3 12 8 14 11 15 13 0 1 3 2 8 13 11 15 12 3 14 8 0 11 1 12 2 14 13 0 15 3 2 12 15 13
10 6 5

0 2 1 7 3 12 8 14 11 15 13 0 1 3 2 8 13 11 15 12 3 14 8 0 11 1 12 2 14 13 0 15 3 2 12 15 14
10 6 5

1 0 6 2 7 3 8 4 10 9 11 12 13 1 15 2 0 4 3 6 7 8 10 0 12 3 13 4 2 7 8 10 0 12 3 12 4
15 13 13

3 0 4 1 6 2 10 5 11 7 13 8 15 12 0 1 7 2 13 3 15 4 1 6 2 8 3 10 4 12 7 0 8 13 12 15 4 0 12 3 15 7
6 14 14 2 1

3 0 4 1 6 2 10 7 13 8 15 11 0 12 7 1 13 2 15 3 1 4 2 6 3 8 4 10 7 12 8 0 12 13 4 15 8 0 12 3 15 7
6 14 14 1 2

1 0 2 6 3 8 4 9 5 11 7 12 10 14 13 2 15 4 0 8 3 13 7 14 12 15 0 7 4 8 14 12 7 13 8 15 12 0 15
6 10 6

1 0 2 6 3 8 4 9 7 11 10 12 13 14 15 2 0 4 1 8 3 13 7 14 12 15 0 7 4 8 14 12 7 13 8 15 12 0 15
6 10 6 6 3 14 13

0 3 1 4 2 7 6 9 8 10 11 12 14 2 15 3 0 4 6 8 7 12 9 0 11 2 15 7 3 9 4 11 6 12 8 0 15 6 3 9 11 15 12
2 10 10 5 5

3 0 9 1 10 2 11 6 12 7 15 8 3 13 7 14 8 0 12 1 15 6 0 9 7 11 8 13 9 1 15 3 0 6 1 11 3 12 6 9 12 15
4 8 11 14 2 13 13

3 0 4 1 5 7 8 9 11 13 12 1 15 12 0 15 3 0 5 3 7 7 8 8 13 12 1 13 5 15 12 0 15 5
7 4 4

0 1 3 2 6 11 7 12 8 13 14 2 15 7 0 13 3 14 11 2 12 3 15 7 0 12 11 13 14 0 15 11 2 12 3 15 13
5

0 2 3 11 6 12 7 13 8 2 14 6 15 7 0 13 3 14 11 2 12 3 15 7 0 12 11 13 14 0 15 11 2 12 3 15 13
5

0 2 3 11 6 12 7 13 14 2 15 6 0 7 3 13 11 14 12 2 15 3 0 7 6 12 11 13 14 0 15 11 2 12 3 15 13
5

0 2 3 11 6 12 7 13 14 2 15 6 0 7 3 13 11 14 12 2 15 3 0 7 11 12 14 13 15 0 2 11 3 12 7 15 13
5

0 1 4 3 7 5 8 12 13 0 15 3 1 8 4 12 7 13 0 15 7 1 12 3 15 4 0 8 3 13 8 7 15 12
9 10 2 5 10 5 5

1 0 7 2 9 3 11 5 13 12 15 14 0 1 3 7 5 13 11 5 12 7 14 11 15 12 0 14 1 15 3 3 13 5 0 7 1 12 15
8

0 2 1 3 6 4 7 5 8 9 10 13 12 0 15 3 1 8 2 12 4 13 7 2 10 3 15 4 0 7 1 8 12 13 3 15 4 0 12 1 13 8 15
5 10 10 5 6 9 6

0 1 3 2 4 8 7 15 10 2 11 3 12 7 14 12 0 14 1 1 4 7 8 8 11 11 15 12 0 15 2 0 3 3 14 7 2 8 14 12 15
10 10 6 6 6 6 10

0 2 3 11 4 12 6 13 8 6 14 8 15 11 0 12 2 14 3 15 13 0 6 2 11 3 12 8 14 13 3 15 6 0 12 13 15
5

0 2 1 5 3 7 8 12 9 14 13 15 1 0 5 2 12 3 14 7 15 8 1 9 2 13 3 0 7 5 8 9 12 14 13 1 15 3 0 7 15 12
10

0 2 1 5 3 7 8 12 9 14 13 15 1 0 5 2 12 3 14 7 15 8 1 9 2 13 3 0 7 5 12 9 13 14 15 1 0 3 2 7 15 12
10

0 1 2 4 3 5 7 11 8 12 9 13 10 0 15 9 1 11 3 12 5 13 7 1 8 3 10 5 15 8 0 10 9 12 11 13 1 15 3 0 12 15 13
5 10 14 7 7 2 2 6 6

0 2 1 3 4 5 9 7 12 8 15 13 0 14 1 3 2 4 7 12 8 15 13 0 14 2 1 4 3 7 8 13 12 0 14 1 15 12 3 13 14 15
9 5 9 9 4 6 10

0 2 3 4 7 5 8 6 9 11 10 6 12 12 15 15 0 12 2 2 3 3 4 4 5 5 7 15 8 8 11 11 0 0 7 3 12 7 15
6 6 9 9 14 1 1

0 1 2 7 3 8 5 9 6 10 11 13 12 2 14 3 15 5 0 12 6 0 8 8 10 10 13 12 15 13 3 15 5 0 12 3 15
11 6 6 11 7 7 11 9 9

0 1 2 7 3 8 5 9 6 10 11 13 12 2 14 3 15 5 0 12 8 0 10 8 13 10 15 12 3 13 5 15 8 0 12 3 15
11 11 7

0 2 1 4 3 7 6 12 8 1 11 2 13 3 15 8 0 12 7 15 11 0 13 1 2 7 3 8 12 11 2 13 3 15 8 0 12 1 15
5 6 14 6 6 7 11

0 3 1 4 2 10 7 13 8 15 12 1 14 2 0 4 3 7 8 12 14 13 0 15 1 3 7 4 12 8 3 13 4 15 7 0 13 8 15 12
14 14 2 5 5 5 10 10 1

2 0 3 1 4 6 7 13 11 15 12 0 14 2 1 4 3 7 11 12 13 15 0 1 4 2 7 3 12 11 13 15 2 0 12 3 15 11
5 5 6

